12271.25
12311.25
12630.625
12560.625
12165.0
12166.25
12183.125
12170.625
12165.625
12173.75
12143.75
12133.75
12183.125
11965.625
11643.75
11845.0
11973.125
11878.75
11791.25
12157.5
12111.875
12128.125
12133.125
12121.25
12100.625
12205.625
12285.625
12271.25
12281.875
12172.5
12183.125
12098.75
12005.0
11978.75
11996.875
11975.625
11945.0
11833.125
12264.375
12283.125
12709.375
12536.25
12176.875
12165.625
12178.75
12157.5
12164.375
12169.375
12191.875
12065.625
12191.25
11810.625
11610.0
11850.625
11874.375
11963.75
11766.875
12230.625
12231.875
12763.125
12608.75
12193.125
12193.125
12178.125
12175.0
12207.5
12101.875
12160.0
12113.125
12153.75
11865.0
11591.875
11880.0
11918.75
11877.5
11783.75
12246.875
12288.75
12680.625
12611.25
12219.375
12245.0
12195.625
12171.875
12176.25
12109.375
12103.125
12168.125
12105.625
11899.375
11581.875
11914.375
12038.75
11840.0
11776.25
12246.25
12246.25
12625.625
12560.0
12226.875
12214.375
12257.5
12093.125
12139.375
12156.25
12168.75
12204.375
12199.375
11941.875
11648.75
11976.25
11957.5
11866.875
11585.625
12219.375
12163.75
12202.5
12092.5
12192.5
12233.75
12246.875
12286.875
12265.625
12290.0
12183.75
12192.5
12140.0
12169.375
11980.0
12056.25
11980.0
11938.125
11575.0
12166.875
12138.75
12110.625
12173.75
11995.625
12098.125
12216.875
12281.875
12438.75
12172.5
12217.5
12185.0
12121.25
11994.375
12026.25
12025.625
11970.625
11910.625
11808.125
12225.625
12237.5
12655.625
12241.875
12150.0
12176.25
12440.625
12396.875
12202.5
12251.25
12080.0
12163.75
12110.0
11996.875
11628.75
11953.125
11870.0
11845.625
11753.125
12258.75
12268.125
12646.25
12598.125
12221.25
12195.0
12168.75
12065.0
12045.0
12145.625
12129.375
12203.125
12066.875
12021.875
11705.625
11949.375
11960.0
11874.375
11771.875
12213.125
12174.375
12233.125
12226.875
12232.5
12189.375
12266.25
12215.0
12221.875
12166.875
12217.5
12184.375
12075.0
12016.875
12002.5
12028.125
11974.375
11955.625
11672.5
12157.5
12140.625
12148.125
12170.625
12107.5
12141.25
12223.125
12354.375
12287.5
12269.375
12264.375
12158.125
12061.25
11990.0
11965.0
11996.25
11953.125
11948.75
11822.5
12235.625
12251.25
12713.125
12595.0
12221.875
12208.75
12218.125
12170.0
12149.375
12091.875
12150.625
12158.75
12204.375
11921.875
11640.625
11925.625
11976.875
11811.875
11718.75
12226.25
12261.875
12596.25
12508.125
12291.875
12220.0
12215.0
12198.75
12182.5
12166.875
12144.375
12145.625
12117.5
12008.125
11918.125
12051.25
11995.0
11976.25
11802.5
12153.125
12148.75
12161.875
12095.0
12085.625
12136.25
12191.25
12175.625
12165.625
12135.625
12130.625
12141.25
12131.875
12070.0
12018.75
12086.875
12013.125
12003.125
11960.625
12141.875
12121.875
12134.375
12140.625
12090.625
12146.875
12165.0
12200.625
12274.375
12166.25
12180.625
12177.5
12053.75
12060.0
11992.5
11966.875
11980.0
11971.875
11763.75
12217.5
12148.75
12192.5
12220.625
12162.5
12153.125
12214.375
12221.25
12125.0
12185.0
12115.625
12072.5
12093.125
12091.875
12012.5
12169.375
12051.875
12007.5
11737.5
12161.25
12128.75
12141.875
12162.5
12079.375
12115.625
12184.375
12222.5
12209.375
12163.125
12212.5
12124.375
12116.875
12048.75
12064.375
12038.75
12002.5
11999.375
11869.375
12213.75
12135.625
12198.75
12251.875
12140.0
12158.125
12208.75
12158.75
12278.75
12138.75
12143.75
12188.75
12165.625
12052.5
12036.25
12066.25
12062.5
11968.75
11745.0
12153.125
12130.625
12126.875
12189.375
12136.875
12098.125
12155.0
12290.0
12225.625
12155.625
12165.0
12138.75
12094.375
12044.375
12040.0
12026.25
12015.0
12000.0
11869.375
12250.625
12266.25
12620.0
12537.5
12176.25
12195.0
12175.625
12173.125
12187.5
12109.375
12125.0
12088.75
12108.125
11865.625
11685.625
11927.5
11966.25
11914.375
11851.875
12250.625
12244.375
12473.125
12481.25
12196.875
12180.0
12233.125
12320.625
12215.625
12177.5
12129.375
12225.625
12199.375
11966.25
11667.5
11962.5
11986.875
11930.625
11733.75
12160.625
12117.5
12133.75
12198.125
12167.5
12150.625
12188.75
12277.5
12211.25
12258.75
12108.125
12094.375
12065.0
12022.5
12031.25
11971.25
11998.75
11999.375
11851.25
12251.875
12300.0
12561.875
12474.375
12224.375
12166.25
12190.625
12279.375
12190.0
12145.625
12097.5
12075.0
12156.25
11972.5
11640.0
11907.5
11940.0
11940.0
11823.75
12210.0
12148.75
12186.25
12227.5
12187.5
12195.625
12152.5
12206.875
12209.375
12134.375
12121.875
12118.125
12117.5
12068.75
12048.125
12041.25
12013.75
12090.0
11770.0
12236.875
12211.875
12497.5
12371.25
12161.25
12177.5
12133.125
12151.25
12129.375
12106.875
12101.25
12137.5
12085.625
12001.875
11782.5
12034.375
11993.75
12010.0
11910.625
12196.875
12131.25
12153.125
12180.625
12169.375
12136.25
12156.875
12188.125
12146.25
12083.75
12128.75
12098.125
12117.5
12083.125
12079.375
12054.375
12051.25
12068.125
11871.25
12233.125
12227.5
12516.25
12330.625
12198.125
12170.625
12130.0
12133.125
12131.25
12125.625
12088.125
12096.25
12133.75
11912.5
11780.625
12008.125
12005.0
11977.5
11938.75
12224.375
12216.875
12510.0
12296.875
12202.5
12176.875
12126.875
12154.375
12155.0
12126.25
12069.375
12086.875
12108.75
11980.625
11790.625
11963.125
12010.625
12012.5
11940.625
12211.875
12119.375
12153.125
12188.75
12177.5
12152.5
12151.25
12172.5
12170.625
12131.875
12138.75
12103.75
12068.125
12102.5
12067.5
12075.0
12073.75
12071.25
11870.0
12218.75
12216.25
12468.125
12292.5
12231.25
12184.375
12101.25
12143.75
12137.5
12093.125
12107.5
12130.625
12098.75
11965.0
11761.25
11988.75
12025.0
12032.5
11965.0
12243.75
12207.5
12486.25
12311.25
12207.5
12135.625
12153.125
12124.375
12104.375
12120.0
12098.75
12113.125
12148.75
11977.5
11814.375
12008.125
12009.375
11978.75
11945.625
12201.875
12120.625
12148.75
12165.0
12172.5
12180.0
12126.25
12186.25
12192.5
12114.375
12081.875
12117.5
12155.625
12060.625
12085.0
12082.5
12057.5
12078.125
11866.875
12234.375
12240.625
12460.625
12326.875
12176.25
12188.75
12140.625
12130.625
12108.75
12103.125
12116.25
12120.625
12136.875
11911.25
11815.0
11965.625
12068.125
11975.625
11921.875
12221.875
12233.125
12478.125
12301.875
12175.0
12210.0
12121.875
12120.625
12148.75
12089.375
12106.25
12105.625
12170.625
11946.25
11790.0
12007.5
12021.875
11971.25
11950.0
12200.0
12121.25
12139.375
12218.75
12135.625
12142.5
12164.375
12163.125
12121.25
12140.0
12140.625
12178.75
12129.375
12126.875
12056.875
12027.5
12125.625
12049.375
11857.5
12245.625
12233.75
12484.375
12337.5
12152.5
12164.375
12140.625
12111.25
12074.375
12155.625
12101.875
12163.125
12130.0
12032.5
11683.75
11958.125
11996.25
11973.125
11960.0
12234.375
12232.5
12466.25
12338.125
12185.0
12142.5
12143.125
12116.25
12158.125
12119.375
12086.25
12145.625
12117.5
11921.25
11788.125
12020.625
12027.5
12029.375
11899.375
12185.625
12134.375
12147.5
12153.75
12147.5
12150.625
12171.875
12188.75
12170.0
12104.375
12148.75
12143.75
12094.375
12035.625
12053.125
12075.0
12071.875
12056.25
11866.875
12250.0
12263.125
12498.125
12288.75
12168.75
12175.625
12080.625
12176.25
12150.625
12109.375
12106.25
12104.375
12133.125
11950.0
11788.125
11936.25
12033.75
11997.5
11947.5
12200.0
12126.25
12155.0
12171.25
12141.25
12161.25
12150.625
12151.875
12148.125
12165.0
12150.625
12078.125
12107.5
12021.875
12067.5
12067.5
12104.375
12016.25
11893.125
12240.0
12267.5
12495.625
12311.875
12193.75
12178.125
12166.875
12124.375
12145.0
12114.375
12108.125
12106.875
12068.125
11910.0
11778.125
11917.5
12013.125
11982.5
11891.875
12235.0
12259.375
12486.25
12348.125
12171.875
12126.25
12116.25
12155.625
12168.75
12111.875
12138.75
12155.625
12103.125
11935.625
11813.75
11894.375
12028.125
11964.375
11904.375
12198.75
12140.625
12153.125
12176.875
12169.375
12148.75
12180.0
12149.375
12123.125
12182.5
12173.125
12112.5
12103.75
12086.25
12038.75
12038.75
12083.125
12045.0
11855.625
12158.125
12129.375
12133.125
12171.875
12125.625
12110.625
12138.75
12135.625
12113.125
12137.5
12096.25
12117.5
12094.375
12057.5
12056.25
12057.5
12024.375
12041.875
11969.375
12238.75
12263.75
12501.875
12358.75
12213.125
12146.875
12136.25
12161.25
12110.0
12156.25
12072.5
12124.375
12160.0
11941.25
11823.75
11919.375
12066.875
11993.75
11696.875
12183.75
12147.5
12138.125
12180.625
12148.125
12161.875
12148.125
12175.625
12156.875
12140.0
12138.125
12058.125
12114.375
12070.0
12064.375
12085.625
12065.625
12040.0
11918.75
12242.5
12283.75
12502.5
12343.75
12173.125
12113.75
12125.625
12141.25
12141.25
12129.375
12100.0
12137.5
12080.625
12013.75
11730.0
11979.375
12010.0
11951.25
11798.75
12196.875
12139.375
12182.5
12197.5
12166.25
12138.75
12131.25
12140.0
12163.75
12163.125
12131.25
12121.875
12131.875
12116.875
12029.375
12079.375
12084.375
12036.875
11815.0
12245.625
12265.0
12520.0
12320.0
12201.875
12143.125
12149.375
12173.125
12140.625
12103.75
12091.25
12178.75
12048.125
11947.5
11693.125
11943.125
12016.25
12001.875
11855.625
12231.875
12280.0
12525.625
12366.875
12158.125
12140.0
12155.0
12103.125
12136.25
12142.5
12070.0
12129.375
12175.625
11853.125
11731.25
11960.0
12025.625
11992.5
11831.25
12241.875
12285.625
12487.5
12398.75
12147.5
12150.625
12152.5
12130.625
12123.125
12115.625
12130.625
12175.625
12161.875
11935.625
11730.625
11936.875
12055.0
11920.0
11778.75
12243.75
12266.875
12445.0
12380.0
12203.75
12185.0
12184.375
12140.625
12190.0
12111.875
12127.5
12151.25
12104.375
12000.0
11759.375
12014.375
12056.875
11965.625
11723.75
12240.0
12287.5
12491.875
12337.5
12233.75
12137.5
12122.5
12141.875
12131.25
12106.875
12096.25
12113.125
12168.75
11928.75
11724.375
11903.125
12031.875
11968.125
11841.25
12234.375
12290.625
12491.875
12389.375
12198.125
12196.25
12080.0
12131.875
12125.625
12126.875
12113.75
12130.0
12145.625
11935.0
11784.375
12005.625
12006.875
11967.5
11743.125
12195.0
12160.625
12151.25
12180.0
12091.875
12030.625
12010.0
12135.625
12214.375
12180.625
12141.875
12120.0
12216.25
12041.875
12111.875
12085.0
12082.5
12013.125
11870.0
12178.125
12153.75
12164.375
12163.75
12190.625
12203.125
12110.0
12138.75
12165.0
12145.0
12137.5
12095.625
12163.75
12063.125
12060.0
12110.625
12033.75
12026.25
11863.75
12239.375
12255.625
12413.125
12276.25
12215.0
12157.5
12093.75
12151.875
12143.75
12102.5
12093.125
12163.75
12200.625
11938.75
11897.5
11988.125
12058.75
12040.625
11801.25
12246.875
12287.5
12548.75
12398.75
12140.0
12141.875
12130.625
12161.25
12107.5
12152.5
12119.375
12159.375
12096.25
11975.625
11730.0
11938.75
11970.0
11947.5
11808.75
12246.25
12273.75
12540.625
12406.875
12126.875
12180.0
12158.125
12185.0
12081.875
12117.5
12162.5
12187.5
12087.5
12008.75
11621.25
11908.125
12008.75
11947.5
11721.25
12188.125
12141.25
12169.375
12201.25
12138.125
12165.0
12108.75
12132.5
12168.125
12154.375
12175.625
12166.25
12165.625
12048.125
12040.0
12071.25
12047.5
12070.625
11867.5
12231.875
12279.375
12554.375
12376.875
12161.25
12139.375
12103.125
12155.0
12146.875
12093.75
12161.25
12167.5
12135.0
11998.75
11741.25
11958.125
12024.375
11942.5
11802.5
12236.25
12258.125
12519.375
12352.5
12141.25
12132.5
12185.0
12173.75
12148.125
12131.25
12116.25
12160.625
12148.125
11870.625
11793.125
11968.125
12053.75
11991.25
11781.875
12161.25
12140.0
12120.0
12160.625
12131.25
12153.125
12155.0
12163.75
12151.875
12163.75
12118.125
12086.875
12091.875
12043.125
12056.875
12076.25
12048.75
12042.5
11938.75
12238.75
12252.5
12585.625
12360.0
12158.125
12146.25
12145.0
12120.625
12114.375
12113.125
12113.75
12171.875
12124.375
11940.0
11746.875
11986.875
12015.0
11951.25
11823.75
12241.875
12261.25
12473.125
12381.25
12184.375
12189.375
12073.125
12189.375
12184.375
12076.25
12199.375
12145.0
12180.625
11868.75
11821.875
11952.5
11986.875
11945.625
11821.875
12252.5
12277.5
12456.875
12350.0
12219.375
12196.875
12116.875
12151.25
12143.125
12101.25
12207.5
12110.625
12143.125
11897.5
11770.625
11985.625
12005.0
11963.75
11808.125
12250.0
12258.75
12354.375
12395.0
12209.375
12176.25
12126.875
12140.0
12197.5
12095.625
12189.375
12228.125
12128.75
11945.0
11751.875
11976.25
11990.625
11933.75
11733.125
12244.375
12272.5
12381.875
12345.625
12204.375
12161.25
12118.75
12119.375
12148.75
12136.25
12201.875
12237.5
12106.25
11919.375
11770.0
11946.25
12012.5
11940.625
11756.25
12206.25
12160.0
12164.375
12230.625
12075.0
12081.875
12081.25
12225.625
12232.5
12159.375
12162.5
12237.5
12050.0
12092.5
12035.0
12111.25
12086.875
12024.375
11859.375
12153.75
12125.625
12142.5
12175.625
12154.375
12123.75
12118.125
12204.375
12160.0
12082.5
12125.625
12120.0
12098.125
12085.0
12054.375
12045.0
12043.125
12001.875
11921.875
12256.875
12249.375
12408.75
12368.125
12148.75
12126.875
12091.25
12195.625
12143.125
12130.0
12196.25
12270.625
12166.25
11888.125
11785.625
11960.0
12028.125
11979.375
11853.125
12243.75
12274.375
12379.375
12363.75
12152.5
12162.5
12108.75
12153.125
12121.25
12163.75
12136.875
12296.25
12100.0
11930.625
11824.375
11974.375
12038.125
11919.375
11768.125
12210.625
12125.0
12155.0
12206.25
12137.5
12185.0
12109.375
12183.75
12236.25
12120.625
12156.25
12088.125
12085.625
12026.25
12047.5
12093.75
12090.0
12004.375
11869.375
12268.75
12261.875
12398.125
12371.875
12226.25
12092.5
12066.25
12176.875
12163.125
12105.625
12205.0
12231.875
12180.625
11892.5
11787.5
11993.125
11963.125
11941.875
11892.5
12251.875
12236.875
12373.125
12341.25
12168.75
12171.25
12151.875
12120.625
12178.125
12210.625
12227.5
12198.125
12095.625
11984.375
11797.5
11983.75
12032.5
11995.0
11710.0
12148.75
12117.5
12141.875
12156.875
12144.375
12134.375
12150.0
12183.125
12145.625
12166.25
12090.0
12116.25
12141.875
12031.875
12011.25
12070.0
12040.0
12000.0
11946.25
12245.625
12251.875
12448.125
12323.125
12045.625
12150.625
12240.625
12221.25
12186.25
12146.875
12120.0
12165.0
12095.625
11991.875
11784.375
11886.875
12067.5
11913.125
11840.0
12245.0
12250.625
12400.0
12328.125
12139.375
12173.75
12165.625
12176.875
12140.625
12110.0
12166.875
12193.125
12154.375
11946.25
11775.625
11946.875
12016.875
11966.875
11795.0
12213.75
12161.25
12217.5
12216.875
12158.75
12151.875
12120.0
12187.5
12171.875
12159.375
12168.75
12167.5
12139.375
12083.75
12081.875
12091.875
12064.375
12035.0
11841.25
12255.0
12265.0
12402.5
12302.5
12210.0
12158.125
12113.125
12124.375
12110.0
12161.875
12158.75
12237.5
12127.5
11925.0
11819.375
11938.75
12001.875
11980.0
11879.375
12243.75
12296.25
12395.625
12335.0
12129.375
12153.75
12101.25
12194.375
12166.25
12188.125
12203.75
12240.625
12107.5
11898.75
11759.375
12002.5
12001.25
11986.875
11833.125
12190.0
12165.625
12191.875
12203.75
12075.625
12156.875
12112.5
12199.375
12303.125
12121.875
12141.875
12140.0
12184.375
12053.125
12033.75
12117.5
12085.625
12032.5
11792.5
12163.75
12136.25
12135.625
12163.75
12126.875
12151.25
12164.375
12235.625
12173.125
12152.5
12118.75
12105.0
12076.25
12056.875
12065.0
12051.25
12053.125
12015.625
11922.5
12230.625
12256.25
12456.875
12445.625
12102.5
12182.5
12123.75
12148.75
12169.375
12115.0
12155.625
12314.375
12085.625
11923.125
11795.625
11955.625
11999.375
11950.625
11785.0
12234.375
12276.25
12446.875
12338.75
12150.625
12161.875
12146.25
12151.875
12148.75
12137.5
12193.75
12348.125
12004.375
11980.625
11685.0
12041.25
12038.75
11949.375
11868.125
12238.125
12274.375
12440.0
12388.75
12104.375
12128.125
12128.125
12152.5
12160.625
12111.25
12270.625
12333.75
12065.0
11934.375
11817.5
12048.125
12041.25
11963.75
11780.0
12216.875
12148.75
12190.0
12123.75
12171.25
12230.625
12208.125
12190.0
12222.5
12183.125
12155.625
12135.0
12052.5
12082.5
12031.875
12111.25
12061.875
12051.875
11803.125
12155.0
12141.25
12139.375
12165.0
12165.0
12156.25
12158.75
12176.25
12180.625
12201.25
12129.375
12086.25
12060.0
12034.375
12037.5
12061.875
12060.0
12010.0
11917.5
12258.75
12261.25
12415.625
12314.375
12188.125
12121.25
12141.25
12113.125
12139.375
12113.125
12198.75
12260.0
12096.875
11945.625
11723.125
11993.75
11986.25
11980.625
11864.375
12235.625
12280.0
12426.875
12361.875
12085.625
12152.5
12108.125
12182.5
12116.875
12100.0
12196.875
12302.5
12135.0
11970.625
11796.875
11989.375
12045.0
11991.875
11775.0
12227.5
12270.0
12416.875
12370.625
12148.125
12140.0
12158.75
12165.0
12120.0
12198.75
12247.5
12260.0
12144.375
12045.625
11776.875
11960.0
12061.875
11970.625
11822.5
12167.5
12117.5
12106.25
12118.75
12099.375
12104.375
12115.625
12170.0
12206.875
12155.625
12157.5
12111.25
12055.0
12026.875
11991.25
12038.75
12018.125
11991.875
11932.5
12232.5
12270.0
12431.875
12368.125
12116.25
12174.375
12133.125
12096.875
12161.25
12107.5
12142.5
12262.5
12165.0
11966.25
11698.75
11920.625
12008.125
11928.75
11830.625
12228.75
12263.125
12464.375
12396.875
12066.875
12185.625
12186.875
12159.375
12152.5
12103.125
12211.875
12315.0
12023.75
11973.75
11698.125
11990.625
12017.5
11960.0
11815.0
12238.125
12256.875
12462.5
12413.125
12116.875
12140.625
12151.875
12152.5
12146.875
12116.875
12186.875
12321.875
12118.75
11933.75
11770.0
11950.0
11967.5
11949.375
11766.25
12235.625
12285.0
12409.375
12424.375
12138.125
12168.125
12147.5
12165.0
12141.875
12178.125
12257.5
12321.875
12067.5
11901.25
11766.25
12001.875
12031.25
12030.0
11741.25
12157.5
12124.375
12131.875
12136.25
12152.5
12156.25
12189.375
12221.25
12192.5
12171.875
12129.375
12108.125
12109.375
12066.25
12023.75
12035.625
12060.0
12009.375
11923.75
12245.0
12284.375
12443.75
12333.125
12131.875
12170.625
12200.625
12175.625
12136.875
12099.375
12187.5
12272.5
12095.625
11967.5
11698.75
11980.0
11995.625
11944.375
11850.0
12245.0
12266.875
12411.875
12382.5
12107.5
12161.875
12129.375
12221.25
12160.625
12148.125
12209.375
12298.75
12103.75
11855.0
11696.875
11950.0
12005.0
11953.125
11773.125
12217.5
12275.625
12430.625
12455.625
12100.625
12201.875
12170.0
12133.75
12166.25
12125.0
12167.5
12380.625
12073.125
11955.625
11601.25
11918.125
11972.5
11890.0
11818.75
12160.625
12122.5
12143.125
12143.75
12103.75
12150.625
12178.125
12229.375
12182.5
12162.5
12136.875
12130.625
12093.125
11995.0
12049.375
12058.125
12059.375
11996.875
11983.125
12241.875
12286.875
12448.75
12403.75
12122.5
12197.5
12143.75
12155.625
12158.75
12044.375
12198.75
12278.75
12127.5
11901.875
11698.75
11990.625
11977.5
11966.875
11845.0
12225.0
12266.25
12426.875
12380.625
12125.0
12171.875
12145.625
12192.5
12162.5
12151.875
12188.125
12316.25
12097.5
11860.625
11764.375
11926.25
11954.375
11956.875
11795.0
12223.75
12263.125
12466.25
12396.875
12153.75
12215.625
12166.25
12175.625
12160.0
12146.875
12222.5
12276.25
12110.0
11861.25
11779.375
11961.875
12035.625
11896.25
11766.875
12225.625
12256.25
12426.875
12368.75
12045.0
12133.75
12156.25
12295.625
12308.125
12171.875
12110.625
12210.0
12133.125
11883.75
11769.375
11995.625
11949.375
11911.875
11785.0
12220.0
12243.75
12498.75
12405.0
12110.625
12165.0
12241.875
12278.75
12228.125
12179.375
12111.25
12210.0
12098.125
11926.875
11724.375
11938.125
11998.75
11931.875
11740.625
12242.5
12265.0
12427.5
12399.375
12195.625
12240.0
12213.125
12155.625
12155.0
12193.75
12219.375
12205.0
12071.875
12010.625
11705.0
11990.0
11997.5
11961.25
11675.0
12240.625
12281.25
12506.875
12360.625
12195.625
12146.25
12182.5
12193.75
12133.75
12099.375
12187.5
12229.375
12080.0
11913.125
11707.5
11946.875
11959.375
11951.25
11831.875
12226.875
12274.375
12484.375
12353.75
12101.875
12203.75
12163.125
12277.5
12235.625
12121.875
12152.5
12179.375
12092.5
11900.0
11755.625
11966.875
12033.125
11929.375
11758.125
12195.0
12148.75
12155.625
12206.875
12200.0
12206.875
12233.125
12181.25
12203.125
12166.25
12186.25
12079.375
12115.625
12078.125
12046.25
12023.125
12071.25
12018.75
11896.875
12160.0
12134.375
12140.0
12138.125
12146.875
12135.625
12143.125
12193.125
12222.5
12203.125
12160.0
12081.875
12093.125
12045.625
12015.625
12012.5
12048.75
12037.5
11886.25
12244.375
12296.875
12540.625
12371.875
12120.0
12185.625
12121.25
12129.375
12128.75
12116.25
12090.0
12207.5
12019.375
11900.0
11771.25
11988.125
11991.875
12000.0
11875.625
12235.0
12264.375
12519.375
12331.875
12130.625
12130.0
12173.75
12161.875
12143.125
12140.0
12106.25
12184.375
12063.125
11883.75
11731.25
11951.875
11982.5
12003.75
11883.125
12240.0
12260.0
12495.0
12370.625
12131.25
12174.375
12126.875
12139.375
12138.125
12146.25
12080.0
12157.5
12067.5
11945.625
11700.0
11940.0
12008.75
11996.25
11893.75
12229.375
12248.75
12442.5
12356.875
12111.25
12170.625
12166.875
12118.125
12185.625
12093.75
12153.75
12245.625
12080.625
11934.375
11788.75
11946.875
12008.125
11988.125
11844.375
12188.75
12152.5
12176.875
12209.375
12199.375
12176.25
12143.125
12155.0
12150.0
12135.0
12093.125
12085.0
12110.625
12050.0
12081.25
12062.5
12051.875
12040.0
11947.5
12230.0
12225.0
12484.375
12298.75
12169.375
12146.875
12127.5
12169.375
12123.125
12153.75
12122.5
12191.875
12076.875
11776.875
11672.5
11926.875
11995.0
11984.375
11985.0
12223.125
12255.625
12453.75
12297.5
12197.5
12148.75
12157.5
12116.25
12208.75
12125.0
12144.375
12139.375
12092.5
11933.125
11818.125
12000.625
11979.375
12016.875
11898.125
12146.875
12106.875
12116.875
12152.5
12131.25
12155.0
12158.75
12179.375
12145.0
12151.25
12115.625
12088.125
12098.75
12049.375
12067.5
12041.25
12052.5
12015.0
12020.625
12252.5
12244.375
12421.875
12211.875
12186.875
12133.125
12145.0
12125.625
12136.25
12139.375
12122.5
12143.75
12071.875
11961.875
11793.125
11926.25
11974.375
12041.875
12015.0
12227.5
12235.625
12397.5
12206.25
12111.25
12096.25
12123.125
12178.75
12206.875
12142.5
12147.5
12125.625
12151.875
11895.0
11751.875
11991.25
12008.125
12049.375
12015.0
12227.5
12208.75
12405.0
12207.5
12170.625
12128.125
12140.0
12181.875
12113.125
12162.5
12160.0
12116.25
12188.125
11928.125
11815.625
11997.5
11968.125
12016.25
11980.625
12223.75
12226.875
12431.25
12187.5
12171.875
12168.125
12137.5
12148.75
12136.25
12123.75
12196.25
12180.0
12178.75
11876.25
11781.25
11993.75
11981.875
12028.75
11998.125
12233.75
12225.0
12419.375
12268.75
12160.625
12126.875
12125.0
12154.375
12091.25
12115.625
12155.0
12182.5
12130.625
11859.375
11808.75
11965.625
11991.25
12040.0
12001.875
12200.625
12124.375
12165.625
12170.0
12144.375
12162.5
12163.75
12188.75
12135.0
12132.5
12101.25
12144.375
12143.125
12052.5
12043.75
12084.375
12054.375
12052.5
11991.25
12145.0
12116.25
12131.875
12131.25
12126.875
12131.875
12111.875
12173.75
12133.75
12156.875
12131.25
12143.75
12120.625
12058.125
12065.625
12073.75
12042.5
12016.875
12041.875
12242.5
12227.5
12412.5
12274.375
12154.375
12152.5
12094.375
12173.75
12117.5
12141.25
12116.875
12147.5
12100.0
12035.625
11710.0
12011.25
12059.375
11998.125
11910.0
12163.125
12119.375
12141.25
12133.75
12143.75
12149.375
12091.875
12163.75
12055.625
12150.625
12125.0
12099.375
12125.0
12105.625
12038.125
12051.875
12001.25
11999.375
11979.375
12263.125
12265.0
12391.25
12238.125
12171.875
12113.125
12099.375
12150.0
12104.375
12133.75
12105.625
12262.5
12213.125
11870.625
11828.75
11909.375
12036.25
11985.0
11890.625
12241.875
12267.5
12378.125
12241.875
12125.0
12089.375
12109.375
12139.375
12088.125
12151.25
12141.25
12300.625
12170.0
11965.0
11766.25
12013.125
12003.75
11989.375
11840.625
12243.75
12233.75
12391.875
12199.375
12173.75
12147.5
12084.375
12155.0
12113.125
12153.75
12304.375
12268.75
12095.0
12065.0
11816.875
11986.25
12043.125
12023.75
11805.625
12155.625
12125.625
12128.75
12146.25
12131.25
12111.25
12099.375
12158.75
12135.0
12153.75
12133.75
12118.75
12094.375
12089.375
12048.75
12083.125
12072.5
12011.875
11963.125
12243.125
12249.375
12351.875
12144.375
12160.0
12160.0
12175.625
12168.125
12127.5
12190.0
12161.25
12198.75
12128.75
12025.0
11963.125
12083.125
12038.125
12081.875
11826.875
12139.375
12113.125
12120.625
12113.125
12151.875
12138.125
12093.125
12140.625
12112.5
12124.375
12113.75
12147.5
12136.875
12071.875
12066.25
12051.875
12087.5
12019.375
12006.875
12151.875
12119.375
12125.625
12138.75
12126.25
12122.5
12095.625
12145.0
12146.875
12106.25
12104.375
12103.125
12076.25
12041.875
11982.5
12032.5
12064.375
12012.5
11980.625
12244.375
12283.125
12477.5
12338.125
12190.625
12170.625
12129.375
12131.875
12130.0
12138.125
12078.125
12187.5
12110.625
11922.5
11680.0
11935.0
11986.25
11980.625
11915.0
12230.0
12244.375
12401.25
12277.5
12136.875
12140.0
12130.0
12129.375
12150.0
12127.5
12088.75
12303.125
12293.75
12111.25
11733.75
11986.25
12042.5
12011.875
11716.875
12153.75
12121.875
12157.5
12186.25
12118.125
12137.5
12100.625
12205.625
12153.75
12170.0
12095.0
12115.0
12088.75
12049.375
12020.625
12053.75
12020.625
12043.75
11980.0
12245.0
12248.75
12406.875
12284.375
12205.0
12125.625
12138.125
12101.25
12078.75
12125.625
12166.25
12273.125
12216.875
12000.625
11716.875
11988.75
11996.875
12000.625
11843.125
12231.25
12235.625
12409.375
12295.0
12081.25
12123.75
12144.375
12156.875
12128.75
12168.75
12130.625
12285.625
12165.625
11988.125
11783.75
11958.75
11973.75
11990.0
11842.5
12196.875
12135.625
12183.75
12147.5
12141.25
12083.75
12181.25
12258.125
12192.5
12208.125
12079.375
12134.375
12145.0
12007.5
12066.25
12066.875
12053.75
12043.75
11834.375
12243.125
12248.75
12465.0
12286.25
12087.5
12150.0
12174.375
12197.5
12222.5
12195.625
12140.0
12291.25
12215.0
11927.5
11676.875
12006.25
11990.625
11952.5
11828.125
12225.625
12255.0
12383.75
12293.125
12146.25
12180.0
12145.625
12205.625
12118.125
12167.5
12190.625
12242.5
12145.625
12006.25
11771.25
11941.875
12055.0
11975.0
11785.625
12216.875
12117.5
12163.75
12211.875
12153.75
12121.25
12126.875
12196.25
12203.125
12238.125
12121.875
12183.125
12100.625
12036.875
12008.125
12054.375
12033.125
12004.375
11872.5
12236.875
12270.625
12392.5
12289.375
12215.0
12144.375
12148.125
12150.0
12124.375
12138.75
12091.25
12321.875
12151.25
11979.375
11673.75
11972.5
11994.375
12006.875
11819.375
12245.0
12253.75
12433.75
12290.625
12180.625
12107.5
12125.625
12153.125
12150.0
12140.0
12105.0
12333.75
12166.875
11950.0
11818.75
11979.375
11996.25
11993.125
11793.125
12233.75
12228.75
12414.375
12308.75
12183.75
12113.125
12115.0
12150.0
12133.125
12156.25
12229.375
12228.75
12246.25
12078.75
11800.625
12059.375
11995.625
11995.625
11793.75
12165.625
12109.375
12048.75
11708.75
12136.875
12094.375
12695.0
11965.0
11878.75
12215.0
12130.625
12825.0
12188.125
12052.5
12008.125
12060.0
12041.25
12031.25
11935.625
12198.75
12134.375
12183.75
12148.75
12081.875
12073.125
12125.0
12197.5
12180.0
12126.875
12219.375
12212.5
12171.875
12012.5
12021.875
12100.625
12065.0
12030.625
11812.5
12234.375
12246.25
12431.25
12291.875
12203.75
12082.5
12078.75
12139.375
12096.25
12133.75
12170.625
12267.5
12171.875
11967.5
11743.125
11984.375
12038.125
12006.875
11851.875
12224.375
12235.625
12457.5
12295.625
12115.625
12066.25
12122.5
12153.125
12134.375
12118.75
12253.75
12284.375
12203.75
12029.375
11684.375
11973.125
12050.0
11949.375
11829.375
12241.875
12233.125
12479.375
12269.375
12127.5
12059.375
12073.125
12170.0
12123.75
12103.75
12256.875
12270.625
12260.625
12050.0
11760.0
11952.5
12050.0
11920.0
11763.125
12162.5
12103.75
12133.75
12046.875
12098.125
12114.375
12120.625
12193.75
12176.875
12271.875
12230.625
12213.125
12125.0
12004.375
12048.75
12043.125
11982.5
11961.875
11931.875
12213.75
12249.375
12467.5
12255.0
12148.75
12093.125
12138.75
12193.75
12084.375
12175.0
12122.5
12280.625
12188.75
12031.25
11678.75
12001.25
12018.125
11963.125
11723.75
12234.375
12251.875
12342.5
12312.5
12109.375
12140.0
12146.875
12141.25
12194.375
12190.625
12168.125
12272.5
12128.125
11952.5
11728.125
12044.375
12087.5
12000.625
11800.0
12141.25
12128.75
12137.5
12150.625
12142.5
12107.5
12102.5
12215.625
12167.5
12136.25
12168.75
12160.625
12095.0
11993.125
12033.125
12053.125
11998.75
12011.875
11969.375
12209.375
12225.625
12508.75
12258.125
12169.375
12121.875
12135.625
12178.125
12131.875
12161.25
12132.5
12211.25
12044.375
11917.5
11775.625
11960.625
11993.75
12012.5
11966.875
12225.625
12234.375
12471.875
12318.75
12192.5
12118.75
12136.25
12201.875
12065.0
12132.5
12138.75
12181.875
12166.875
11909.375
11736.25
12020.625
11967.5
11996.25
11995.625
12156.25
12119.375
12142.5
12121.875
12101.875
12127.5
12123.75
12212.5
12170.0
12103.125
12136.875
12101.25
12090.625
12030.0
12046.25
12050.0
12015.0
12030.625
12041.875
12227.5
12234.375
12500.0
12343.125
12085.625
12104.375
12115.625
12184.375
12143.75
12200.0
12070.0
12142.5
12105.0
11946.875
11708.125
11998.125
11951.875
12008.75
11991.875
12230.625
12256.875
12469.375
12311.25
12094.375
12095.0
12159.375
12190.0
12126.875
12110.0
12121.875
12189.375
12037.5
11931.875
11733.125
11994.375
11960.625
12010.0
12001.875
12186.875
12128.75
12173.75
12168.75
12144.375
12161.875
12121.25
12178.125
12169.375
12115.625
12186.25
12196.875
12118.75
12051.875
12041.25
12084.375
12003.125
12047.5
12027.5
12206.875
12240.0
12461.875
12266.25
12199.375
12134.375
12118.125
12146.25
12160.0
12115.625
12100.625
12210.625
12151.25
11878.125
11770.625
11987.5
11964.375
11998.75
12010.0
12180.0
12128.75
12137.5
12186.25
12153.125
12171.875
12146.25
12130.0
12150.0
12148.125
12193.125
12129.375
12072.5
12006.25
12028.125
12058.75
12035.625
12057.5
12036.25
12215.625
12240.625
12393.75
12245.625
12155.0
12159.375
12138.75
12153.75
12123.125
12108.125
12153.75
12121.25
12128.125
11903.125
11745.625
11973.75
11965.0
12036.875
12036.25
12209.375
12220.0
12405.0
12278.75
12124.375
12150.0
12173.75
12148.125
12161.875
12132.5
12098.125
12116.25
12144.375
11876.875
11765.0
11991.25
11980.0
12020.625
12048.75
12225.625
12201.25
12347.5
12245.625
12151.875
12211.875
12210.625
12141.25
12152.5
12140.0
12085.0
12169.375
12092.5
11967.5
11733.125
11995.0
12023.75
11986.875
12033.75
12144.375
12118.125
12120.0
12156.25
12103.125
12121.875
12123.125
12198.125
12130.0
12117.5
12135.0
12103.75
12092.5
12069.375
12058.75
12064.375
12006.875
12059.375
12060.0
12219.375
12243.75
12343.75
12266.875
12115.0
12121.25
12187.5
12156.875
12168.125
12154.375
12129.375
12251.25
12106.875
11900.625
11739.375
11990.625
11962.5
12036.875
12043.125
12228.75
12203.125
12355.625
12326.875
12126.875
12136.875
12206.875
12111.875
12116.25
12141.25
12243.75
12183.75
12084.375
11828.75
11782.5
12035.0
12008.75
12007.5
12023.75
12178.125
12120.625
12135.0
12120.0
12171.875
12196.875
12151.875
12176.25
12128.75
12115.0
12142.5
12103.125
12116.875
12005.625
12091.875
12093.75
12051.25
12070.625
12036.875
12157.5
12121.875
12133.75
12133.125
12150.625
12133.125
12140.0
12142.5
12141.875
12113.75
12136.875
12067.5
12101.25
12016.875
12060.625
12053.75
12003.75
12060.0
12058.125
12192.5
12229.375
12359.375
12326.875
12141.25
12183.75
12170.625
12130.625
12150.625
12134.375
12150.625
12198.125
12077.5
11843.75
11823.75
11973.125
12004.375
11986.25
12010.625
12205.625
12199.375
12348.75
12263.75
12166.875
12175.0
12156.875
12178.75
12168.125
12121.875
12113.75
12220.0
12038.75
11922.5
11910.625
12011.25
12009.375
12059.375
12055.625
12223.75
12224.375
12515.625
12357.5
12086.875
12166.875
12151.25
12136.25
12122.5
12124.375
12096.875
12155.625
12105.0
11844.375
11755.0
11925.625
11959.375
12010.625
12015.625
12206.875
12241.25
12471.875
12395.625
12123.125
12120.625
12154.375
12146.875
12120.625
12143.125
12099.375
12158.75
12035.625
11859.375
11722.5
11888.125
11913.75
11947.5
11942.5
12156.25
12123.125
12145.0
12146.25
12138.125
12181.25
12130.0
12200.625
12203.125
12142.5
12153.125
12113.125
12086.25
12073.125
11997.5
12084.375
12010.625
12045.625
12034.375
12216.875
12255.625
12516.875
12396.25
12131.25
12151.25
12156.875
12196.875
12108.125
12170.625
12131.875
12163.125
12070.0
11779.375
11756.875
11968.75
11952.5
12021.25
11995.0
12228.75
12219.375
12495.625
12368.75
12173.125
12213.125
12148.75
12121.875
12111.875
12126.25
12164.375
12209.375
12096.25
11875.625
11704.375
11969.375
11893.125
12004.375
12013.75
12180.0
12117.5
12139.375
12191.25
12181.25
12186.25
12151.25
12177.5
12147.5
12154.375
12123.75
12141.875
12143.75
12036.875
12000.625
12051.875
11980.625
12051.25
12027.5
12225.625
12255.625
12560.625
12375.0
12109.375
12195.0
12163.75
12119.375
12115.0
12129.375
12139.375
12183.125
12086.875
11858.75
11710.625
11916.25
11876.875
11986.25
12018.125
12226.25
12249.375
12500.625
12425.0
12114.375
12202.5
12147.5
12142.5
12119.375
12110.0
12090.0
12188.125
12112.5
11888.75
11781.875
12009.375
11870.625
11954.375
12011.875
12205.625
12229.375
12468.75
12412.5
12126.25
12150.0
12156.25
12122.5
12133.75
12132.5
12125.625
12207.5
12094.375
11896.25
11670.625
11974.375
11831.875
11974.375
11995.0
12219.375
12251.875
12439.375
12395.0
12133.75
12154.375
12163.75
12161.875
12156.875
12226.25
12079.375
12160.625
12076.875
11945.0
11705.625
11988.75
11921.875
11983.75
11983.75
12179.375
12133.125
12158.125
12186.25
12158.75
12140.625
12179.375
12133.125
12239.375
12173.75
12141.875
12143.75
12070.625
12056.875
11986.25
12111.875
11961.875
12041.25
12026.25
12228.75
12245.0
12528.125
12405.625
12133.75
12165.0
12129.375
12153.125
12111.875
12130.0
12113.75
12199.375
12102.5
11870.0
11719.375
11969.375
11913.125
11960.625
11985.625
12211.25
12224.375
12500.0
12426.25
12144.375
12150.0
12175.0
12161.25
12136.25
12131.25
12113.75
12225.0
12096.25
11877.5
11739.375
11958.125
11825.0
11974.375
11980.0
12146.25
12116.25
12116.875
12148.75
12149.375
12138.75
12160.0
12144.375
12092.5
12165.625
12160.625
12113.75
12102.5
12030.0
12046.875
12034.375
11970.0
12040.0
12025.625
12216.25
12241.875
12511.875
12375.0
12155.625
12198.75
12161.25
12171.25
12118.125
12136.875
12053.125
12174.375
12099.375
11905.625
11753.75
11921.875
11853.75
11999.375
12020.0
12208.125
12251.25
12521.875
12408.75
12130.625
12153.75
12170.0
12114.375
12083.75
12141.875
12091.25
12230.0
12071.875
11886.25
11743.125
11966.875
11857.5
11958.125
12012.5
12226.875
12230.0
12421.25
12353.75
12173.75
12173.75
12257.5
12130.0
12108.125
12123.125
12103.125
12250.0
12103.75
11920.625
11751.875
12002.5
11860.625
11963.125
11966.875
12154.375
12121.25
12126.875
12159.375
12131.875
12131.25
12150.0
12211.875
12152.5
12136.875
12162.5
12139.375
12087.5
12051.875
12024.375
12069.375
11991.875
12020.0
12037.5
12153.75
12142.5
12128.125
12155.0
12170.625
12175.0
12157.5
12175.0
12180.625
12215.0
12173.75
12119.375
12123.75
12091.875
12021.25
12122.5
12047.5
12047.5
12058.125
12138.125
12115.0
12126.25
12140.625
12135.0
12173.125
12186.875
12163.75
12119.375
12120.0
12133.75
12123.75
12158.125
12051.875
12015.625
12055.625
11926.875
11997.5
12013.75
12214.375
12256.25
12499.375
12392.5
12124.375
12184.375
12184.375
12149.375
12130.0
12125.625
12104.375
12134.375
12074.375
11903.75
11638.125
11950.625
11965.0
11921.875
11959.375
12230.625
12234.375
12535.0
12457.5
12146.25
12154.375
12168.125
12148.75
12125.625
12130.625
12088.125
12164.375
12134.375
11856.875
11682.5
11917.5
11985.0
11923.125
11931.875
12210.625
12253.75
12550.0
12430.0
12176.875
12164.375
12156.25
12119.375
12180.625
12126.25
12166.25
12175.0
12095.0
11917.5
11713.125
11930.625
11948.75
11865.625
11923.75
12170.625
12130.0
12140.0
12208.75
12186.25
12241.875
12108.75
12181.875
12191.25
12127.5
12184.375
12203.125
12098.75
12068.125
12013.125
12050.0
12040.625
11933.75
11965.0
12218.75
12248.75
12534.375
12353.75
12215.0
12204.375
12173.125
12148.75
12133.125
12131.875
12072.5
12200.0
12109.375
11942.5
11681.25
11890.0
11941.25
11922.5
11957.5
12221.875
12250.0
12556.875
12400.0
12162.5
12148.75
12141.25
12165.0
12120.0
12154.375
12098.125
12164.375
12141.25
11921.25
11688.75
11925.0
12033.75
11868.75
11893.125
12145.625
12121.25
12143.125
12175.625
12158.125
12146.25
12135.625
12271.875
12170.0
12095.0
12180.625
12151.25
12083.125
12021.875
12060.0
12013.75
12068.75
11932.5
11949.375
12207.5
12240.625
12420.625
12319.375
12191.875
12194.375
12136.875
12178.125
12143.75
12103.75
12195.0
12345.625
12190.0
11961.25
11736.25
11922.5
11938.75
11857.5
11923.125
12175.0
12128.125
12143.75
12209.375
12207.5
12194.375
12228.75
12216.25
12195.0
12169.375
12168.125
12202.5
12122.5
11997.5
11985.0
12050.625
12025.625
11918.125
11961.25
12151.875
12140.625
12136.25
12181.875
12160.625
12139.375
12135.0
12205.0
12140.0
12180.0
12120.0
12179.375
12050.0
11998.125
12056.875
12043.75
11996.25
11971.875
11965.0
12221.25
12248.75
12412.5
12282.5
12122.5
12178.125
12143.75
12115.625
12119.375
12131.25
12100.625
12341.875
12123.75
11974.375
11761.25
11943.75
12011.875
11908.125
11946.875
12226.25
12246.875
12455.0
12213.125
12170.625
12097.5
12110.0
12160.625
12180.625
12153.75
12125.0
12363.75
12214.375
11976.875
11690.625
11945.625
11991.875
11938.125
11946.875
12211.25
12238.75
12421.875
12263.125
12212.5
12121.875
12120.0
12154.375
12068.125
12160.0
12190.625
12366.25
12135.0
12033.75
11762.5
11985.625
12051.25
11879.375
11912.5
12236.875
12241.875
12432.5
12286.875
12159.375
12120.625
12111.875
12180.0
12075.625
12117.5
12156.25
12347.5
12206.875
12058.75
11736.875
11953.75
11977.5
11878.75
11928.75
12183.75
12133.75
12165.625
12217.5
12149.375
12180.625
12125.625
12233.125
12222.5
12183.125
12184.375
12183.125
12101.25
12012.5
12003.75
12085.625
12029.375
11925.625
11933.125
12246.25
12231.875
12453.75
12276.25
12146.25
12120.0
12097.5
12208.125
12120.625
12155.0
12086.875
12354.375
12205.625
12011.25
11768.75
12005.625
12011.875
11889.375
11922.5
12236.25
12263.125
12399.375
12316.875
12169.375
12158.125
12163.125
12186.25
12146.25
12191.875
12218.75
12326.25
12090.625
12006.875
11845.625
11970.0
12036.25
11918.75
11788.125
12158.75
12145.625
12158.125
12190.625
12118.75
12142.5
12201.875
12203.75
12163.125
12204.375
12151.875
12076.25
12089.375
12003.125
12036.875
12025.0
12005.625
11948.125
11985.625
12232.5
12271.25
12422.5
12269.375
12140.625
12170.0
12133.125
12152.5
12124.375
12149.375
12136.25
12284.375
12157.5
11998.75
11734.375
11912.5
12058.125
11924.375
11945.625
12233.125
12277.5
12401.875
12265.625
12100.0
12145.625
12131.875
12153.75
12130.0
12112.5
12100.0
12367.5
12286.25
11993.75
11831.875
11973.125
12023.75
11890.625
11881.875
12235.625
12270.625
12382.5
12277.5
12181.25
12129.375
12151.25
12172.5
12125.625
12161.875
12279.375
12239.375
12238.75
11988.75
11796.875
11956.875
12007.5
11923.125
11806.875
12183.75
12158.75
12184.375
12178.125
12201.875
12172.5
12225.0
12224.375
12208.125
12108.125
12143.125
12241.25
12031.875
12062.5
11971.25
12056.875
12007.5
11940.0
11940.625
12240.625
12250.625
12356.875
12333.75
12224.375
12188.75
12127.5
12145.0
12140.625
12108.125
12281.25
12213.75
12118.75
12054.375
11709.375
12012.5
12071.875
11977.5
11868.75
12171.25
12125.0
12163.125
12169.375
12168.75
12173.75
12231.25
12198.75
12144.375
12145.0
12146.25
12135.0
12098.125
12067.5
11999.375
12050.625
12041.25
11950.0
11938.75
12145.625
12133.125
12123.75
12166.875
12153.75
12150.625
12123.125
12236.25
12184.375
12144.375
12138.125
12082.5
12073.75
12072.5
12035.0
12027.5
12005.0
11979.375
11961.25
12240.0
12270.0
12411.875
12257.5
12102.5
12123.75
12126.875
12088.75
12084.375
12152.5
12156.25
12417.5
12248.125
11972.5
11801.875
11915.0
12007.5
11945.0
11918.125
12230.0
12278.125
12345.0
12302.5
12178.125
12107.5
12172.5
12168.75
12121.25
12116.875
12253.75
12247.5
12247.5
11901.25
11780.625
12000.625
12051.25
11881.25
11856.25
12154.375
12121.875
12140.625
12177.5
12168.125
12108.125
12168.75
12211.875
12210.0
12142.5
12169.375
12085.0
12053.125
11980.0
12010.625
12023.125
12075.0
11941.25
11952.5
12240.625
12256.25
12446.875
12236.875
12042.5
12125.625
12101.875
12108.125
12119.375
12164.375
12130.0
12285.0
12137.5
11993.125
11735.625
11931.875
12043.125
11917.5
11978.125
12221.875
12244.375
12429.375
12248.75
12193.125
12116.875
12031.875
12142.5
12098.75
12100.0
12136.875
12402.5
12099.375
11997.5
11818.125
12007.5
12050.625
11860.625
11955.625
12233.75
12253.75
12415.625
12311.25
12123.75
12157.5
12136.25
12122.5
12125.0
12100.625
12106.25
12353.125
12129.375
11998.125
11821.25
11924.375
12043.125
11865.625
11913.125
12199.375
12115.625
12183.125
12187.5
12101.875
12152.5
12143.125
12253.125
12117.5
12143.125
12150.0
12111.25
12125.625
12103.75
12007.5
12045.0
12055.625
11969.375
11940.0
12163.75
12110.625
12157.5
12176.875
12094.375
12146.25
12144.375
12205.0
12190.0
12143.75
12151.25
12087.5
12080.0
12068.75
12001.25
12012.5
12003.75
11998.125
11986.875
12246.875
12246.875
12417.5
12359.375
12125.625
12138.75
12138.75
12072.5
12153.125
12121.875
12130.625
12397.5
12113.75
11966.25
11698.75
11968.75
11968.75
11930.0
11938.125
12225.625
12238.125
12433.125
12347.5
12195.0
12160.0
12137.5
12127.5
12142.5
12144.375
12134.375
12249.375
12140.625
11947.5
11800.625
11961.875
12020.0
11910.0
11923.75
12205.625
12103.125
12198.125
12190.625
12166.875
12160.0
12113.75
12166.875
12194.375
12195.0
12133.75
12130.0
12142.5
12094.375
12011.25
12073.75
12015.625
12022.5
11869.375
12162.5
12131.875
12158.125
12160.0
12160.625
12100.625
12175.0
12221.25
12145.0
12138.125
12123.75
12143.75
12121.25
12056.875
12029.375
12050.625
12008.75
11969.375
11960.0
12223.125
12245.625
12431.25
12251.25
12110.0
12141.875
12186.25
12153.75
12184.375
12137.5
12107.5
12189.375
12206.25
12018.125
11732.5
11968.125
12034.375
11948.75
11907.5
12241.875
12233.125
12460.0
12269.375
12115.0
12033.75
12268.75
12205.625
12130.625
12169.375
12140.0
12196.25
12194.375
11976.25
11833.125
12000.0
12009.375
11885.0
11912.5
12237.5
12257.5
12465.0
12281.25
12028.75
12211.25
12131.25
12200.0
12115.625
12073.75
12170.625
12262.5
12212.5
11956.875
11730.625
12001.25
12041.25
11957.5
11817.5
12241.25
12249.375
12429.375
12283.125
12155.0
12158.125
12126.25
12127.5
12116.25
12180.0
12085.625
12348.75
12118.125
11976.25
11706.875
11961.875
12047.5
11934.375
11941.25
12245.625
12268.125
12473.75
12228.75
12128.75
12136.875
12106.875
12118.125
12065.625
12110.0
12146.25
12343.75
12211.25
11911.25
11836.25
11997.5
12005.0
11966.875
11928.125
12243.125
12243.75
12443.125
12250.0
12118.75
12048.75
12114.375
12185.625
12088.125
12180.625
12150.0
12337.5
12162.5
12003.125
11705.0
12026.25
12006.875
11923.75
11890.625
12228.75
12265.625
12436.25
12276.25
12160.625
12153.125
12123.125
12161.875
12085.625
12197.5
12224.375
12248.125
12186.875
12043.125
11815.625
11995.625
12047.5
11963.125
11783.75
12186.25
12140.625
12222.5
12222.5
12105.625
12151.25
12156.25
12198.75
12209.375
12121.875
12218.125
12168.125
12071.25
12046.25
12029.375
12075.625
12034.375
11939.375
11933.75
12233.75
12256.875
12405.0
12340.625
12099.375
12115.0
12118.125
12142.5
12100.625
12132.5
12097.5
12388.125
12181.875
11966.875
11730.625
12035.0
12019.375
11961.875
11871.875
12221.875
12235.625
12426.875
12303.75
12119.375
12135.0
12149.375
12153.75
12091.25
12160.625
12251.875
12320.625
12205.0
11882.5
11839.375
12011.25
12111.875
11950.625
11889.375
12201.25
12141.875
12200.625
12200.625
12174.375
12163.75
12106.25
12166.875
12155.625
12153.125
12164.375
12155.0
12125.0
12040.0
12016.875
12071.875
12100.0
11938.125
11886.875
12153.125
12148.75
12116.875
12143.75
12161.25
12137.5
12143.125
12213.125
12168.75
12190.0
12116.25
12093.75
12093.125
12029.375
12033.125
12046.25
12051.875
11976.25
11936.875
12246.875
12265.0
12417.5
12240.0
12153.75
12131.875
12151.875
12113.75
12058.75
12139.375
12056.25
12319.375
12193.125
11963.125
11816.875
11958.75
12027.5
11953.125
11930.0
12253.75
12263.125
12428.125
12306.25
12090.625
12136.875
12068.75
12134.375
12096.25
12116.875
12165.625
12227.5
12289.375
11966.875
11812.5
12011.875
12055.625
11901.25
11903.125
12215.625
12119.375
12197.5
12226.875
12225.0
12152.5
12151.875
12196.25
12193.125
12154.375
12148.125
12156.25
12151.875
12006.25
12034.375
12083.125
12082.5
11978.125
11895.0
12163.75
12135.625
12150.0
12150.0
12153.75
12176.875
12125.0
12260.625
12170.625
12189.375
12116.875
12148.125
12048.125
12026.25
12046.875
12003.75
12045.0
11979.375
11918.125
12237.5
12259.375
12438.125
12403.125
12073.125
12137.5
12106.875
12181.875
12166.25
12151.25
12116.875
12393.125
12085.625
11866.875
11718.75
12028.75
12042.5
11938.75
11868.75
12245.0
12256.875
12428.75
12413.125
12096.875
12125.0
12173.75
12148.125
12150.0
12141.25
12166.25
12333.125
12209.375
11832.5
11749.375
11999.375
12025.625
11928.75
11901.875
12244.375
12241.875
12415.0
12415.625
12103.125
12166.875
12133.75
12131.25
12181.25
12120.0
12120.0
12460.0
12144.375
11844.375
11784.375
12006.875
12029.375
11873.75
11870.625
12249.375
12257.5
12404.375
12401.875
12080.0
12116.25
12108.75
12166.25
12190.625
12161.25
12216.25
12346.25
12176.875
11911.25
11823.125
12001.875
12060.625
11891.875
11816.875
12204.375
12125.625
12167.5
12193.125
12215.625
12178.75
12170.625
12218.125
12126.875
12190.0
12193.75
12135.625
12133.75
12006.875
12026.875
12136.875
12056.875
11940.0
11896.25
12260.0
12285.625
12396.25
12398.75
12111.875
12140.0
12160.625
12161.875
12190.0
12183.125
12146.25
12324.375
12096.25
11896.875
11690.625
11932.5
11987.5
11913.75
11933.75
12245.0
12248.75
12451.875
12410.625
12118.125
12153.75
12103.75
12193.125
12248.125
12145.0
12221.25
12285.0
12168.125
11948.125
11796.875
11983.75
12005.0
11895.625
11808.125
12216.25
12131.875
12165.0
12216.25
12183.75
12127.5
12191.875
12246.25
12153.75
12194.375
12145.0
12121.25
12074.375
11973.125
11990.0
12076.25
12045.625
11954.375
11934.375
12150.625
12126.875
12133.125
12133.125
12075.625
12125.0
12186.875
12238.125
12203.125
12147.5
12128.75
12139.375
12066.25
12023.125
12062.5
12039.375
12063.125
12004.375
11991.25
12257.5
12230.0
12472.5
12408.125
12060.0
12095.625
12202.5
12203.125
12179.375
12122.5
12141.25
12320.625
12136.875
11835.625
11758.125
11965.625
12033.125
11863.125
11940.625
12237.5
12225.0
12431.25
12368.75
12155.625
12131.25
12186.25
12123.75
12127.5
12107.5
12164.375
12362.5
12085.625
11935.625
11758.75
11983.75
12016.25
11950.0
11910.0
12248.75
12248.75
12369.375
12358.75
12130.625
12113.75
12155.0
12197.5
12088.75
12169.375
12265.625
12331.25
12180.0
11920.0
11748.75
12062.5
12033.75
11958.75
11923.125
12154.375
12115.625
12129.375
12121.25
12118.125
12095.0
12178.75
12289.375
12175.0
12124.375
12130.625
12077.5
12068.125
12023.75
12042.5
12066.25
12041.875
12013.75
11998.125
12240.625
12233.125
12469.375
12372.5
12138.125
12165.625
12108.75
12145.625
12140.625
12115.625
12160.625
12259.375
12099.375
11858.125
11760.0
11988.125
12005.0
11996.25
12009.375
12238.125
12221.25
12419.375
12401.875
12136.875
12163.75
12128.75
12116.25
12163.75
12106.875
12159.375
12235.0
12073.75
11916.875
11745.625
11993.75
11995.625
11963.75
12006.875
12228.125
12231.25
12416.25
12385.625
12164.375
12121.25
12151.875
12135.625
12136.875
12110.625
12121.25
12223.125
12094.375
11808.125
11841.875
11971.25
12031.875
11955.625
11989.375
12205.625
12122.5
12181.25
12190.0
12230.0
12177.5
12176.25
12171.25
12118.75
12116.875
12155.625
12096.875
12111.25
12014.375
12027.5
12067.5
12076.25
12015.625
12001.875
12248.125
12237.5
12453.125
12397.5
12140.625
12134.375
12160.0
12163.125
12156.25
12056.875
12100.625
12183.125
12098.125
11934.375
11747.5
11940.625
12006.25
11988.75
11988.75
12233.125
12243.125
12471.25
12426.875
12120.0
12145.625
12166.25
12112.5
12184.375
12110.0
12118.75
12199.375
12061.875
11913.75
11721.875
11966.25
12029.375
11964.375
11998.75
12239.375
12221.25
12453.125
12365.0
12162.5
12145.625
12150.0
12143.75
12150.625
12142.5
12111.875
12234.375
12069.375
11916.25
11778.125
12013.75
11975.0
12024.375
11971.875
12237.5
12240.0
12475.0
12347.5
12170.0
12145.625
12137.5
12165.625
12158.75
12083.125
12153.125
12163.125
12118.125
11906.875
11743.75
11951.25
11976.875
11981.25
12014.375
12243.125
12227.5
12483.125
12364.375
12164.375
12140.625
12132.5
12124.375
12115.0
12151.875
12099.375
12241.25
12086.25
11810.625
11817.5
12018.125
11976.25
11946.875
11983.75
12224.375
12232.5
12506.25
12427.5
12195.0
12181.25
12126.25
12143.75
12146.875
12096.25
12094.375
12183.75
12071.875
11840.625
11800.0
11958.125
11995.0
11960.625
12011.25
12238.125
12218.125
12491.25
12364.375
12162.5
12133.125
12161.875
12164.375
12163.75
12136.875
12118.75
12218.125
12070.0
11875.625
11819.375
11968.75
12010.625
11980.0
11966.25
12186.875
12110.0
12181.25
12195.625
12170.0
12193.125
12173.125
12215.625
12170.0
12153.75
12128.75
12121.25
12057.5
12000.625
12020.0
12100.625
12066.875
12011.875
11974.375
12143.125
12123.75
12136.25
12160.0
12132.5
12138.125
12160.0
12209.375
12159.375
12092.5
12113.125
12111.25
12087.5
12010.625
12031.875
12073.75
11986.875
12026.875
12027.5
12220.625
12215.0
12438.75
12381.25
12125.0
12166.875
12089.375
12189.375
12120.0
12130.0
12123.75
12148.75
12136.875
11874.375
11810.625
11980.0
11965.0
11993.125
12008.125
12218.75
12211.25
12451.875
12393.75
12088.125
12131.25
12161.875
12204.375
12136.25
12153.75
12068.75
12168.125
12173.125
11899.375
11853.125
11956.25
12027.5
11971.25
12008.125
12215.0
12208.125
12465.625
12405.625
12150.625
12193.125
12145.625
12186.25
12138.125
12143.75
12124.375
12178.125
12113.125
11851.875
11855.0
11984.375
12008.125
11937.5
12011.25
12215.625
12223.125
12486.25
12440.0
12148.75
12177.5
12162.5
12105.0
12153.75
12119.375
12128.125
12198.75
12145.0
11831.25
11800.625
11975.625
12005.625
11976.25
12012.5
12188.75
12118.75
12180.625
12193.125
12183.125
12205.625
12220.625
12160.625
12176.875
12111.25
12142.5
12095.625
12126.875
12010.625
12031.875
12082.5
12036.25
12014.375
11997.5
12230.0
12202.5
12418.125
12378.125
12168.125
12153.125
12130.0
12152.5
12150.625
12105.625
12113.75
12188.75
12149.375
11924.375
11836.25
12035.0
12008.75
11943.125
11965.625
12196.25
12117.5
12149.375
12203.125
12173.125
12183.75
12219.375
12211.875
12191.875
12121.25
12129.375
12120.625
12100.625
12043.125
12036.25
12087.5
12033.125
12030.625
11978.75
12148.125
12145.625
12143.125
12139.375
12149.375
12129.375
12138.125
12236.25
12176.875
12201.25
12105.0
12116.875
12073.75
12028.75
12036.25
12063.125
12039.375
11979.375
11992.5
12198.75
12125.625
12173.125
12215.0
12218.125
12197.5
12175.625
12180.0
12123.125
12163.125
12138.75
12150.625
12018.125
12013.75
11996.25
12023.75
12052.5
12016.875
11985.625
12235.625
12241.875
12434.375
12436.25
12116.875
12106.25
12163.75
12121.25
12167.5
12165.0
12110.625
12224.375
12107.5
11761.875
11748.125
11966.25
11971.875
11991.25
11991.25
12230.625
12239.375
12433.75
12385.625
12153.125
12136.875
12158.75
12125.625
12164.375
12117.5
12166.25
12222.5
12158.75
11805.0
11747.5
12010.0
12021.875
11977.5
11982.5
12230.0
12216.875
12390.0
12423.75
12122.5
12132.5
12188.125
12152.5
12156.25
12113.75
12164.375
12243.75
12093.75
11848.125
11798.75
11999.375
12035.0
11942.5
11965.0
12224.375
12215.625
12341.875
12345.0
12135.625
12101.25
12171.25
12157.5
12094.375
12181.25
12251.875
12233.125
12176.25
11900.625
11839.375
12000.625
12101.25
11962.5
11970.0
12180.0
12116.875
12156.875
12174.375
12201.875
12197.5
12210.0
12216.875
12122.5
12141.875
12149.375
12118.125
12158.125
12003.125
11993.125
12078.75
12047.5
11996.875
12013.75
12151.25
12118.75
12148.125
12109.375
12061.875
12070.0
12146.875
12280.0
12233.125
12210.0
12118.75
12058.125
12102.5
12008.75
12036.25
12015.0
12056.875
12033.75
12015.625
12225.625
12245.0
12393.125
12332.5
12160.625
12155.625
12187.5
12113.75
12140.625
12110.0
12073.125
12303.125
12101.25
11850.625
11704.375
11940.0
11961.875
12025.0
12040.0
12211.875
12232.5
12408.75
12371.875
12188.75
12138.75
12108.75
12166.25
12100.625
12145.625
12102.5
12380.625
12098.125
11825.0
11721.25
12003.75
11993.75
11993.125
12000.0
12214.375
12235.625
12358.75
12375.0
12158.125
12123.75
12145.0
12170.625
12151.875
12112.5
12158.75
12306.875
12091.25
11824.375
11773.125
11992.5
11965.625
11983.125
12001.25
12246.25
12249.375
12356.25
12354.375
12182.5
12199.375
12127.5
12146.25
12160.0
12133.125
12029.375
12356.875
12113.125
11850.625
11747.5
11990.625
11947.5
11982.5
12017.5
12233.75
12256.875
12365.625
12336.25
12175.625
12117.5
12165.625
12143.125
12115.625
12110.0
12091.25
12245.625
12208.75
11861.25
11725.0
11936.875
11925.0
11971.25
11969.375
12222.5
12235.625
12373.125
12333.125
12195.625
12088.75
12140.0
12172.5
12140.625
12166.25
12116.875
12262.5
12191.875
11871.25
11816.875
11952.5
11978.75
11981.875
11988.75
12188.125
12113.125
12162.5
12198.125
12184.375
12221.25
12162.5
12178.75
12160.625
12095.0
12180.625
12136.875
12079.375
12055.625
12022.5
12106.25
12020.0
12021.25
11973.125
12150.0
12128.125
12139.375
12193.125
12162.5
12173.75
12150.625
12226.875
12136.875
12113.125
12121.875
12133.125
12038.75
12043.125
12030.0
12029.375
12012.5
12047.5
11997.5
12238.75
12215.625
12379.375
12301.25
12187.5
12157.5
12150.625
12131.25
12097.5
12162.5
12120.625
12360.625
12146.25
11825.0
11776.875
11972.5
11986.875
12010.0
11997.5
12221.875
12235.625
12359.375
12337.5
12115.0
12139.375
12133.125
12161.875
12150.625
12150.625
12111.875
12355.0
12153.75
11840.0
11716.25
11936.25
12003.125
11951.25
12011.875
12218.75
12211.25
12388.125
12303.125
12154.375
12151.25
12123.125
12180.0
12128.75
12161.875
12130.0
12348.125
12173.125
11825.0
11828.75
11951.875
12016.25
11932.5
11977.5
12201.25
12116.875
12174.375
12192.5
12161.25
12196.25
12145.625
12230.0
12108.75
12093.125
12202.5
12217.5
12103.125
12025.625
12008.125
12058.125
12036.875
12002.5
11944.375
12157.5
12125.625
12158.75
12151.875
12120.625
12117.5
12164.375
12287.5
12158.75
12126.25
12107.5
12120.0
12065.625
12001.25
12061.25
12033.125
12033.125
12003.75
11970.625
12253.125
12240.625
12368.125
12335.625
12175.0
12114.375
12153.75
12161.875
12131.25
12102.5
12108.125
12295.0
12165.0
11922.5
11779.375
11960.625
11996.25
11996.25
11993.125
12234.375
12225.625
12375.625
12314.375
12086.875
12142.5
12133.125
12160.0
12130.625
12158.75
12114.375
12395.0
12125.625
11946.875
11818.75
11954.375
12012.5
11912.5
11990.0
12239.375
12232.5
12355.0
12305.625
12137.5
12093.125
12124.375
12113.75
12191.25
12141.875
12165.625
12342.5
12191.25
11937.5
11768.75
11993.125
11997.5
11873.125
11956.25
12223.75
12230.625
12293.125
12268.125
12148.125
12150.0
12133.75
12183.75
12101.875
12178.125
12302.5
12304.375
12087.5
11965.0
11982.5
12017.5
12041.25
11978.75
11932.5
12189.375
12110.0
12161.875
12180.0
12133.75
12126.25
12166.875
12185.625
12216.875
12152.5
12204.375
12172.5
12125.0
12099.375
12066.25
12078.75
12038.125
11976.875
12001.25
12153.75
12128.125
12137.5
12169.375
12174.375
12101.25
12151.25
12231.25
12153.75
12143.125
12135.625
12133.75
12145.0
12086.875
12057.5
12078.75
12089.375
11981.25
12014.375
12146.875
12125.0
12132.5
12151.875
12157.5
12129.375
12141.25
12170.0
12157.5
12136.875
12148.125
12151.25
12148.75
12061.875
12051.875
12063.75
12069.375
12021.25
12004.375
12131.875
12130.625
12130.625
12105.0
12108.75
12108.75
12159.375
12136.25
12101.25
12119.375
12123.125
12130.625
12124.375
12033.75
12066.875
12036.875
12028.75
12008.125
11990.0
12207.5
12113.75
12178.75
12188.75
12136.25
12133.125
12132.5
12170.0
12169.375
12151.25
12098.75
12157.5
12124.375
12040.625
12046.875
12049.375
12063.75
11970.0
11962.5
12218.75
12233.75
12400.625
12332.5
12176.875
12120.625
12206.875
12155.0
12096.25
12168.125
12096.875
12332.5
12121.25
11867.5
11766.875
11998.75
12038.125
11924.375
11966.25
12180.0
12113.75
12178.125
12229.375
12150.0
12153.75
12144.375
12175.625
12177.5
12165.625
12107.5
12140.625
12001.25
12016.25
11994.375
12005.625
12063.125
12004.375
12023.125
12237.5
12248.125
12443.125
12363.125
12154.375
12184.375
12166.25
12172.5
12111.25
12270.0
12134.375
12173.75
12056.875
11878.125
11746.25
11917.5
11932.5
11950.625
11961.875
12225.625
12258.125
12422.5
12343.75
12196.875
12064.375
12146.875
12196.875
12173.125
12269.375
12138.75
12235.0
12166.25
11911.25
11760.625
11999.375
11992.5
11943.125
11968.75
12243.125
12214.375
12442.5
12333.125
12177.5
12149.375
12150.0
12118.75
12145.0
12240.625
12146.875
12216.25
12181.25
11854.375
11786.875
12023.125
11977.5
11957.5
11978.125
12229.375
12220.0
12343.125
12311.25
12158.125
12131.875
12108.125
12180.0
12102.5
12154.375
12305.625
12221.875
12276.25
11906.875
11813.75
12029.375
12005.625
11967.5
11883.125
12204.375
12135.625
12159.375
12211.25
12221.875
12152.5
12168.125
12146.25
12145.625
12121.25
12150.0
12173.125
12106.25
12098.125
12063.75
12070.0
12061.875
11979.375
11926.875
12150.0
12114.375
12153.75
12151.25
12118.75
12106.25
12160.625
12293.75
12140.625
12125.0
12158.75
12108.75
12073.75
12057.5
12021.875
12046.875
11976.25
12015.625
11969.375
12239.375
12210.0
12370.0
12295.0
12130.0
12146.25
12178.125
12260.625
12196.875
12136.25
12190.625
12251.25
12151.875
12018.75
11780.0
12036.25
12038.125
11929.375
11873.125
12166.875
12117.5
12130.0
12108.125
12220.625
12125.0
12127.5
12180.0
12088.125
12295.625
12185.625
12181.875
12108.75
12035.625
12046.875
12025.625
11986.25
11998.75
11988.125
12235.0
12251.875
12414.375
12270.625
12091.25
12103.75
12170.0
12204.375
12131.25
12138.75
12110.0
12238.75
12130.625
11949.375
11725.625
11979.375
11999.375
11931.25
11975.0
12227.5
12215.0
12343.75
12269.375
12206.25
12118.75
12135.625
12150.625
12127.5
12111.25
12140.0
12234.375
12376.875
11900.0
11833.75
11984.375
12018.125
11996.875
11791.25
12156.875
12116.875
12155.0
12172.5
12144.375
12084.375
12147.5
12290.0
12148.125
12165.625
12156.875
12136.875
12067.5
12027.5
11985.625
12051.25
12018.75
11971.25
11970.0
12233.125
12200.625
12355.0
12246.25
12168.125
12091.875
12120.625
12120.625
12146.25
12199.375
12224.375
12334.375
12251.875
12054.375
11813.75
12007.5
12043.75
11907.5
11771.25
12207.5
12130.0
12156.875
12151.875
12098.125
12116.25
12161.875
12195.625
12171.875
12153.125
12247.5
12213.125
12165.625
12080.0
12041.875
12073.75
12045.625
11953.125
11829.375
12160.625
12135.625
12141.875
12190.625
12146.875
12052.5
12107.5
12166.25
12141.875
12191.25
12143.75
12192.5
12088.125
12082.5
12023.75
12026.25
11942.5
11949.375
11944.375
12256.875
12238.125
12409.375
12297.5
12148.75
12133.75
12138.125
12102.5
12130.0
12104.375
12111.25
12308.125
12218.75
11891.875
11758.125
12012.5
12020.625
12010.625
11908.75
12229.375
12113.125
12212.5
12192.5
12123.75
12136.875
12055.625
12203.75
12070.625
12168.125
12208.125
12176.25
12158.75
12113.75
12067.5
12053.125
12106.875
12049.375
11820.625
12160.0
12126.875
12133.75
12153.125
12125.0
12086.875
12105.625
12150.625
12163.75
12203.75
12168.75
12189.375
12171.875
12076.25
12032.5
12017.5
12012.5
11962.5
11903.125
12229.375
12218.125
12493.125
12340.625
12130.625
12136.25
12093.125
12176.25
12118.75
12245.625
12076.25
12300.625
12175.625
11884.375
11751.875
11968.75
11982.5
11940.625
11830.625
12232.5
12239.375
12435.0
12331.25
12141.875
12157.5
12056.25
12156.875
12094.375
12182.5
12205.625
12211.875
12233.125
11955.0
11818.75
11956.25
12017.5
11938.125
11721.875
12237.5
12228.125
12465.625
12368.125
12133.75
12094.375
12056.25
12166.25
12160.625
12154.375
12147.5
12196.875
12216.875
11951.25
11744.375
12027.5
11946.875
11970.625
11684.375
12241.25
12218.125
12423.75
12431.875
12217.5
12100.625
12123.125
12131.25
12103.125
12168.125
12105.625
12256.25
12197.5
11985.0
11803.75
12047.5
12051.25
11916.875
11683.125
12250.0
12240.0
12468.75
12357.5
12126.25
12119.375
12098.125
12166.25
12071.25
12141.25
12083.125
12225.0
12159.375
11959.375
11756.875
11990.625
11986.875
11990.0
11906.25
12245.0
12210.0
12382.5
12408.125
12174.375
12106.875
12090.625
12163.75
12123.125
12148.75
12146.25
12157.5
12375.625
11963.125
11836.875
12000.0
12021.25
11992.5
11804.375
12236.25
12265.0
12418.75
12265.0
12171.875
12121.25
12116.25
12117.5
12145.625
12147.5
12123.75
12333.75
12229.375
11873.75
11797.5
12016.875
12038.125
11978.125
11745.0
12236.25
12250.625
12450.625
12298.125
12172.5
12138.125
12116.25
12157.5
12151.875
12133.75
12128.75
12308.125
12162.5
11925.0
11822.5
12009.375
12010.0
11943.75
11723.75
12241.875
12220.0
12404.375
12268.75
12181.875
12190.625
12135.625
12076.875
12128.75
12114.375
12253.75
12292.5
12210.625
11928.125
11844.375
12025.625
12043.75
11970.625
11747.5
12196.875
12154.375
12176.875
12225.625
12126.25
12226.875
12151.25
12190.0
12168.125
12160.0
12218.75
12233.75
12121.875
12027.5
11990.0
12035.0
12079.375
11961.25
11803.125
12238.75
12248.125
12426.875
12311.25
12140.0
12136.25
12128.125
12200.0
12160.0
12160.625
12070.625
12274.375
12229.375
11950.0
11756.875
11986.25
11972.5
11974.375
11850.625
12146.875
12135.625
12153.125
12162.5
12078.125
12169.375
12176.875
12213.125
12178.125
12138.125
12153.75
12095.625
12049.375
12023.75
12049.375
12028.75
12013.75
12010.625
11943.75
12240.625
12237.5
12442.5
12253.125
12108.75
12181.875
12068.125
12173.125
12148.125
12111.25
12138.125
12362.5
12141.25
11903.125
11789.375
12027.5
12036.25
11960.625
11914.375
12237.5
12222.5
12395.0
12307.5
12148.75
12060.0
12126.875
12169.375
12156.25
12165.0
12119.375
12311.25
12171.25
11917.5
11764.375
12005.0
12028.75
11991.25
11829.375
12233.125
12220.0
12393.75
12266.875
12180.625
12100.0
12128.125
12155.0
12113.125
12168.75
12327.5
12202.5
12175.0
11978.125
11840.0
12041.875
11984.375
11999.375
11733.125
12242.5
12255.0
12417.5
12298.125
12136.875
12135.625
12128.75
12195.625
12179.375
12118.75
12137.5
12293.125
12081.875
11910.625
11762.5
11941.875
11940.625
11926.875
11911.875
12228.125
12248.75
12401.875
12300.625
12244.375
12129.375
12170.0
12174.375
12198.125
12135.0
12116.875
12214.375
12122.5
11910.625
11790.0
11967.5
11994.375
11956.25
11861.875
12231.875
12243.125
12401.875
12320.0
12231.25
12156.25
12138.125
12190.0
12208.125
12181.25
12141.25
12270.625
12195.0
11862.5
11765.0
12019.375
11977.5
11919.375
11822.5
12149.375
12129.375
12151.25
12178.125
12151.25
12151.875
12210.625
12257.5
12172.5
12175.0
12127.5
12133.125
12067.5
11994.375
11991.25
12003.125
11961.25
11995.0
12012.5
12242.5
12261.875
12429.375
12352.5
12108.75
12155.0
12233.125
12178.125
12180.625
12121.25
12148.75
12306.25
12110.625
11953.75
11760.0
11939.375
11833.125
11941.25
12011.25
12228.75
12246.875
12390.0
12408.125
12131.875
12145.625
12151.25
12213.75
12187.5
12137.5
12134.375
12348.125
12174.375
11860.625
11737.5
11996.875
11850.0
11968.75
11961.875
12167.5
12140.625
12145.0
12169.375
12186.875
12146.875
12221.875
12261.25
12245.0
12125.625
12183.125
12181.875
12166.875
12015.625
11972.5
12039.375
11815.625
11922.5
11993.75
12235.0
12237.5
12357.5
12295.625
12183.75
12180.0
12143.75
12181.25
12138.125
12208.125
12220.0
12308.75
12056.25
11875.0
11826.875
11920.0
11901.875
11917.5
11971.25
12155.0
12129.375
12125.0
12135.625
12141.25
12145.625
12134.375
12150.0
12176.875
12163.125
12171.875
12156.875
12084.375
12056.25
12090.625
12113.75
11973.75
11993.75
12021.875
12141.25
12130.0
12121.25
12165.625
12150.625
12092.5
12193.75
12222.5
12175.625
12188.75
12146.25
12135.625
12075.0
11976.875
12016.25
12015.0
11896.25
11981.25
12010.0
12241.25
12263.75
12536.875
12403.75
12064.375
12131.25
12156.875
12227.5
12108.75
12126.875
12151.875
12233.125
12040.0
11815.625
11699.375
11949.375
11882.5
11989.375
11992.5
12237.5
12263.125
12520.0
12443.125
12120.0
12215.0
12185.0
12168.75
12128.75
12161.875
12113.125
12150.0
12183.75
11847.5
11734.375
11973.125
11908.75
11924.375
11985.625
12239.375
12265.625
12531.875
12419.375
12183.75
12180.0
12116.875
12200.0
12183.125
12186.25
12151.25
12272.5
12108.75
11920.625
11660.625
11967.5
11820.625
11931.875
11972.5
12156.25
12130.0
12141.875
12170.625
12137.5
12115.0
12163.125
12230.0
12205.625
12141.25
12166.25
12098.125
12016.25
12015.0
12020.625
12071.25
11968.75
12005.625
12010.0
12240.0
12283.125
12532.5
12393.75
12147.5
12166.875
12133.125
12181.875
12138.125
12209.375
12097.5
12198.75
12060.0
11814.375
11751.875
11951.875
11922.5
11977.5
11973.75
12235.625
12260.625
12563.75
12485.625
12128.75
12135.625
12145.625
12199.375
12138.75
12160.625
12135.0
12203.125
12156.25
11888.125
11639.375
11897.5
11832.5
11936.875
11989.375
12225.625
12271.25
12560.625
12460.0
12123.75
12193.125
12148.125
12179.375
12123.125
12199.375
12097.5
12236.875
12162.5
11836.25
11666.25
11956.25
11868.75
11916.25
11997.5
12237.5
12261.875
12538.75
12455.0
12164.375
12156.875
12113.125
12215.0
12125.625
12200.0
12128.125
12220.0
12089.375
11879.375
11731.875
11920.0
11816.875
11953.75
11993.125
12250.625
12288.75
12523.125
12470.0
12168.75
12132.5
12109.375
12173.75
12144.375
12107.5
12110.625
12201.25
12128.75
11850.0
11688.125
11918.75
11828.125
11940.625
12003.75
12229.375
12272.5
12550.0
12003.75
12160.0
12203.75
12445.625
12370.625
12124.375
12131.875
12143.75
12219.375
12130.625
11916.25
11663.125
11937.5
11831.25
11925.625
12001.875
12228.125
12280.625
12577.5
12438.125
12174.375
12210.0
12123.75
12180.0
12151.25
12169.375
12104.375
12206.25
12147.5
11896.875
11598.75
11953.125
11810.625
11896.875
11932.5
12160.625
12119.375
12135.0
12129.375
12178.75
12109.375
12156.25
12287.5
12186.875
12129.375
12108.75
12105.0
12015.625
12021.25
12051.25
12026.25
11960.625
11989.375
11998.75
12244.375
12285.0
12560.625
12471.875
12136.875
12147.5
12153.125
12216.875
12106.875
12123.125
12071.875
12198.125
12121.875
11894.375
11705.0
11947.5
11872.5
11927.5
12010.0
12242.5
12281.875
12554.375
12473.75
12152.5
12173.125
12127.5
12170.0
12203.125
12135.625
12121.875
12192.5
12121.25
11925.625
11681.25
11996.875
11856.875
11918.75
12003.125
12225.625
12263.125
12497.5
12456.25
12185.625
12184.375
12111.25
12181.875
12168.75
12137.5
12090.625
12201.875
12124.375
11860.625
11746.875
11940.0
11864.375
11899.375
11991.875
12226.25
12264.375
12519.375
12461.25
12145.0
12140.625
12113.125
12175.0
12165.0
12173.75
12128.125
12213.125
12090.625
11903.75
11721.875
11988.125
11911.25
11878.75
11996.25
12215.625
12258.125
12460.625
12250.625
12081.25
12140.0
12203.125
12156.25
12163.125
12206.875
12203.125
12133.75
12040.0
11969.375
11913.125
12025.0
11885.0
11938.125
11995.625
12212.5
12256.25
12466.875
12365.625
11994.375
12066.875
12129.375
12186.875
12193.75
12119.375
12119.375
12170.625
12086.25
11963.75
11719.375
11930.625
11911.875
11958.75
11988.75
12211.25
12225.625
12471.875
12339.375
11950.625
12065.0
12130.0
12247.5
12185.0
12178.75
12115.625
12211.25
12057.5
11984.375
11741.875
11963.75
11858.125
11950.0
12001.875
12188.75
12123.75
12156.875
12185.0
12141.875
12122.5
12140.625
12245.0
12196.875
12156.875
12251.25
12126.875
12084.375
12033.125
12005.0
12070.625
11974.375
11961.875
12020.625
12145.0
12135.625
12143.125
12157.5
12095.625
12086.25
12183.75
12245.0
12131.875
12156.25
12135.625
12146.875
12033.75
12050.625
12062.5
12051.875
11970.0
12015.625
12042.5
12226.25
12274.375
12584.375
12432.5
12078.125
12103.125
12111.875
12159.375
12100.625
12156.25
12098.125
12220.625
12036.875
11915.625
11763.75
11921.25
11905.625
11993.125
11976.25
12232.5
12280.625
12525.0
12321.875
12101.875
12134.375
12097.5
12221.875
12144.375
12160.625
12099.375
12244.375
12072.5
11893.75
11730.0
11959.375
11903.125
11923.125
11990.625
12235.0
12260.0
12530.625
12467.5
12043.125
12145.625
12133.125
12201.875
12173.75
12142.5
12107.5
12231.875
12073.125
11881.25
11776.25
11996.875
11934.375
11891.25
11991.875
12248.125
12251.875
12496.875
12439.375
12093.125
12162.5
12130.0
12202.5
12158.75
12138.75
12121.875
12238.125
12062.5
11915.625
11800.625
11946.25
11888.125
11923.125
11965.625
12238.75
12265.625
12517.5
12404.375
12005.0
12108.75
12163.125
12171.875
12158.125
12138.125
12138.75
12140.0
12081.25
11999.375
11807.5
11981.875
11894.375
11968.125
11966.25
12205.625
12150.0
12198.125
12206.875
12194.375
12189.375
12185.625
12120.0
12186.25
12161.875
12138.75
12220.625
12080.0
11993.125
11988.75
12108.75
11970.0
11973.75
11980.625
12240.0
12275.625
12545.625
12388.75
12119.375
12164.375
12156.875
12149.375
12140.0
12114.375
12105.625
12183.125
12046.875
11945.625
11663.125
11956.25
11907.5
11951.25
12015.625
12236.25
12256.875
12561.875
12390.625
12061.25
12144.375
12113.75
12195.0
12150.0
12145.625
12112.5
12171.25
12118.75
11885.625
11752.5
11951.25
11875.625
11964.375
11975.625
12224.375
12270.625
12524.375
12427.5
12090.0
12130.0
12168.125
12161.875
12100.0
12164.375
12148.125
12225.0
12089.375
11853.125
11735.0
11951.25
11868.125
11961.25
11972.5
12233.75
12260.625
12472.5
12376.25
12141.25
12089.375
12048.125
12100.0
12093.125
12161.875
12178.125
12215.0
12147.5
11916.875
11750.0
12035.0
11908.125
11971.875
11975.0
12195.0
12137.5
12188.75
12190.0
12150.0
12225.0
12168.75
12222.5
12127.5
12173.125
12176.25
12127.5
12063.75
12059.375
11983.75
12045.625
12025.0
11917.5
11950.0
12151.25
12147.5
12145.625
12165.0
12144.375
12091.25
12166.875
12226.25
12141.875
12164.375
12151.25
12115.0
12086.25
12028.125
12006.875
12027.5
12033.75
11970.625
12003.75
12233.125
12265.0
12499.375
12333.125
12066.25
12156.875
12128.75
12180.625
12080.0
12178.125
12116.25
12113.125
12170.0
11993.75
11794.375
11956.875
11990.0
11891.875
11988.125
12213.75
12255.0
12532.5
12294.375
12103.125
12185.625
12138.75
12159.375
12150.0
12130.0
12096.875
12162.5
12146.25
11958.75
11791.875
12000.625
11955.0
11903.75
11951.25
12222.5
12250.0
12475.0
12366.25
12088.75
12135.0
12162.5
12171.875
12145.625
12156.875
12116.875
12166.25
12126.25
12016.875
11794.375
11958.75
11991.25
11908.75
11967.5
12153.125
12111.875
12156.25
12159.375
12177.5
12125.625
12162.5
12237.5
12132.5
12126.875
12143.75
12123.125
12128.125
11995.625
12017.5
12051.25
11998.75
11966.875
11973.125
12236.875
12223.75
12410.625
12304.375
12131.25
12154.375
12146.25
12170.0
12096.25
12155.625
12108.75
12134.375
12111.25
11979.375
11846.875
11947.5
11988.75
11921.875
11923.125
12170.625
12118.75
12136.25
12168.75
12180.0
12180.0
12163.125
12211.875
12176.875
12126.875
12141.25
12081.875
12105.0
12051.25
12060.625
12018.75
12023.75
11959.375
11989.375
12235.0
12272.5
12476.25
12235.625
12170.625
12168.125
12179.375
12155.625
12125.625
12089.375
12140.0
12117.5
12170.625
11951.25
11822.5
12003.125
11989.375
11936.875
11966.875
12224.375
12238.125
12398.75
12285.0
12168.125
12120.625
12096.875
12163.125
12165.625
12157.5
12116.25
12233.75
12124.375
11992.5
11806.25
11965.625
12027.5
11928.75
11938.75
12188.125
12149.375
12173.75
12138.125
12184.375
12146.25
12159.375
12217.5
12149.375
12197.5
12159.375
12106.875
12093.125
12050.625
12012.5
12078.75
12022.5
11996.25
11771.25
12147.5
12131.25
12122.5
12155.0
12130.625
12130.0
12141.875
12143.75
11845.625
11999.375
12519.375
12177.5
12121.25
12015.625
12017.5
12018.75
11980.0
12006.875
11886.875
12234.375
12267.5
12450.625
12271.25
12182.5
12167.5
12115.625
12136.25
12100.0
12123.125
12102.5
12241.875
12154.375
11930.625
11830.0
12005.0
12007.5
11983.125
11900.0
12228.125
12256.25
12419.375
12252.5
12169.375
12143.125
12145.625
12116.875
12128.75
12135.625
12153.75
12223.125
12155.625
12043.75
11865.0
11971.25
12024.375
11979.375
11740.0
12166.25
12143.75
12147.5
12160.625
12154.375
12146.25
12163.125
12151.25
12140.0
12188.75
12155.625
12157.5
12078.75
12010.0
12071.875
12025.0
12020.625
12017.5
11921.25
12231.25
12245.0
12373.125
12214.375
12094.375
12094.375
12098.125
12172.5
12076.875
12130.0
12138.125
12311.25
12169.375
12035.0
11880.0
12025.625
12065.0
11985.0
11829.375
12223.125
12215.0
12394.375
12209.375
12108.75
12095.0
12075.625
12146.875
12099.375
12169.375
12231.875
12220.625
12252.5
12030.625
11894.375
12029.375
12018.125
12006.875
11739.375
12193.125
12127.5
12146.25
12191.875
12180.625
12162.5
12160.625
12195.0
12193.125
12148.125
12144.375
12188.125
12179.375
12008.75
12038.75
12032.5
12010.625
11993.75
11770.0
12236.25
12255.625
12406.875
12238.75
12103.125
12092.5
12030.625
12193.75
12106.25
12142.5
12149.375
12214.375
12151.25
11983.75
11881.875
11988.75
12030.625
11989.375
11929.375
12230.625
12240.0
12407.5
12250.625
12112.5
12086.25
12072.5
12061.25
12145.625
12138.125
12144.375
12251.25
12253.125
11978.75
11851.875
12045.625
12051.875
11965.0
11883.125
12233.75
12245.0
12406.25
12215.0
12135.0
12098.75
12055.625
12067.5
12148.75
12132.5
12191.25
12228.125
12098.75
11982.5
11900.0
12057.5
12070.625
12010.625
11842.5
12229.375
12241.875
12402.5
12194.375
12113.75
12083.125
12097.5
12198.75
12166.25
12080.0
12189.375
12283.75
12271.25
11954.375
11826.25
12008.75
12078.75
11970.625
11783.125
12183.125
12144.375
12170.0
12151.875
12210.0
12190.625
12171.875
12176.875
12156.25
12227.5
12141.25
12186.25
12153.125
12042.5
12055.0
12058.125
12029.375
12001.875
11743.75
12150.0
12133.125
12144.375
12176.875
12166.875
12151.25
12190.0
12180.625
12175.625
12136.875
12155.0
12118.75
12015.0
12032.5
12035.625
12021.25
12001.875
12004.375
11904.375
12231.875
12228.75
12391.875
12245.0
12081.25
12086.25
12071.875
12131.25
12135.625
12143.75
12166.875
12318.125
12136.25
12016.875
11851.25
12076.25
12046.25
11983.75
11824.375
12228.125
12261.875
12418.75
12203.75
12141.875
12068.125
12078.75
12141.25
12107.5
12140.625
12160.0
12312.5
12198.125
11965.0
11833.125
12015.625
12086.875
12016.25
11855.625
12188.75
12146.875
12177.5
12172.5
12147.5
12204.375
12203.75
12176.875
12166.25
12138.75
12190.625
12116.25
12132.5
12081.875
12043.75
12088.75
12073.75
12017.5
11758.125
12228.75
12259.375
12397.5
12223.125
12087.5
12095.625
12056.25
12125.0
12108.125
12088.125
12152.5
12284.375
12188.125
11978.125
11937.5
12037.5
12031.25
12024.375
11841.25
12223.125
12238.75
12403.75
12178.75
12071.875
12037.5
12108.125
12244.375
12142.5
12155.0
12158.75
12386.25
12228.125
11964.375
11942.5
12084.375
12023.75
11967.5
11791.875
12196.25
12168.125
12164.375
12143.75
12138.75
12235.625
12156.25
12278.125
12178.125
12162.5
12166.25
12138.75
12101.875
12056.25
12038.125
12047.5
12039.375
11992.5
11737.5
12245.0
12271.875
12408.125
12204.375
12084.375
12108.125
12116.25
12196.25
12078.75
12082.5
12123.75
12275.0
12131.25
11977.5
11953.75
12035.0
12024.375
12011.875
11868.125
12240.625
12266.875
12413.125
12282.5
12073.75
12104.375
12015.625
12108.75
12113.125
12166.25
12150.0
12353.125
12165.0
12048.125
11835.0
12064.375
12062.5
11989.375
11825.625
12239.375
12275.0
12415.0
12208.75
12086.25
12040.0
12108.75
12218.75
12111.25
12103.75
12136.875
12362.5
12178.75
11941.875
11846.875
12026.25
12074.375
11970.0
11818.125
12208.125
12144.375
12186.875
12177.5
12190.0
12188.125
12169.375
12151.25
12223.75
12175.625
12174.375
12166.875
12055.0
12051.25
11989.375
12031.25
12002.5
11984.375
11700.0
12224.375
12265.0
12440.625
12275.625
12065.0
12059.375
12166.25
12211.25
12098.75
12090.0
12085.0
12439.375
12116.875
11953.75
11860.625
12049.375
12022.5
12004.375
11810.0
12203.75
12151.25
12200.0
12185.0
12156.875
12188.75
12143.125
12135.0
12235.0
12135.0
12146.875
12191.875
12145.0
12070.625
12038.75
12054.375
12101.25
11983.75
11800.0
12159.375
12150.625
12167.5
12198.75
12116.875
12059.375
12145.0
12201.875
12188.75
12112.5
12149.375
12140.625
12098.75
12032.5
12046.25
12055.625
11958.125
11987.5
11891.25
12251.25
12292.5
12466.25
12215.0
12090.0
12083.125
12118.125
12241.875
12110.0
12130.0
12089.375
12248.75
12109.375
11928.75
11816.25
12051.875
12022.5
11971.25
11941.25
12236.875
12283.75
12489.375
12272.5
12096.25
12019.375
12191.875
12160.0
12095.0
12078.125
12094.375
12333.75
12171.25
11757.5
11811.25
12013.75
12043.125
11970.0
11791.25
12151.875
12134.375
12130.0
12157.5
12130.625
12103.75
12099.375
12210.625
12199.375
12163.125
12159.375
12089.375
12090.0
12045.625
12008.75
12066.25
11994.375
12031.875
11900.0
12229.375
12304.375
12471.25
12259.375
12088.125
12119.375
12101.875
12115.625
12189.375
12118.125
12131.25
12237.5
12045.0
11955.0
11764.375
12040.625
12069.375
12011.25
11874.375
12224.375
12300.0
12494.375
12281.25
12133.75
12061.25
12041.875
12121.25
12093.125
12201.25
12174.375
12265.625
12146.25
12060.625
11843.75
11996.875
12054.375
11967.5
11805.625
12246.25
12317.5
12473.125
12195.0
12095.0
11977.5
12028.75
12080.625
12197.5
12133.125
12180.625
12296.25
12125.625
12108.125
11873.125
12056.25
12065.0
12025.0
11748.75
12240.625
12296.875
12448.75
12175.625
12068.125
11985.0
12040.625
12175.0
12001.25
12127.5
12127.5
12298.75
12203.125
12031.25
11840.625
12078.125
12068.125
12039.375
11790.0
12267.5
12288.125
12411.25
12205.0
12171.875
12014.375
12071.875
12162.5
12098.125
12108.75
12226.25
12230.0
12100.0
12045.625
11808.75
12077.5
12101.25
12016.25
11843.75
12248.75
12286.25
12469.375
12191.875
12016.875
11943.75
11906.25
12061.25
12038.75
12148.125
12213.75
12491.875
12136.25
12161.875
11868.75
12116.25
12101.25
12065.0
11848.75
12241.875
12282.5
12471.25
12236.875
12110.625
11953.75
12076.25
12041.875
12086.25
12088.75
12226.875
12357.5
12300.0
12195.0
11866.25
12078.75
12076.25
12070.625
11578.125
12198.125
12146.875
12141.875
12201.25
12149.375
12099.375
12025.625
12153.125
12190.0
12200.625
12188.75
12195.625
12103.125
12031.875
12116.25
12057.5
12023.125
12051.875
11835.0
12254.375
12243.125
12475.0
12281.25
12128.125
12082.5
12020.625
12077.5
12099.375
12098.75
12292.5
12165.625
12289.375
12053.75
11920.0
12065.0
12091.25
11983.75
11703.125
12210.625
12148.75
12192.5
12198.75
12116.875
12140.0
12076.25
12118.75
12249.375
12152.5
12188.125
12183.125
12148.75
12060.625
12068.125
12126.875
12078.75
11975.625
11778.75
12163.75
12114.375
12120.0
12097.5
11865.625
11814.375
11956.875
12307.5
12311.25
12283.75
12236.875
12316.875
12103.75
12010.0
12063.75
12108.75
12000.0
11995.0
11863.75
12241.875
12293.75
12483.125
12298.125
12043.75
12042.5
12163.125
12058.125
12164.375
12061.875
12171.25
12463.125
12036.25
12062.5
11886.875
12087.5
12061.875
12011.25
11730.0
12254.375
12294.375
12452.5
12225.625
12029.375
12016.875
11980.0
12101.25
12104.375
12168.125
12378.75
12301.25
12263.125
12117.5
11785.0
12107.5
12124.375
11983.75
11563.125
12266.875
12295.625
12482.5
12211.875
12148.125
11959.375
12086.25
12145.625
12088.75
12144.375
12125.625
12333.75
12194.375
11895.0
11908.125
12026.875
12117.5
11980.0
11844.375
12250.0
12291.25
12491.875
12250.0
12091.25
11969.375
11933.75
12069.375
12095.625
12145.0
12223.125
12416.875
12236.25
12086.875
11800.0
12030.0
12123.125
12000.625
11829.375
12249.375
12300.0
12528.125
12283.75
12102.5
11979.375
12033.75
12158.125
12025.625
12049.375
12204.375
12386.875
12146.875
12007.5
11860.0
12102.5
12098.75
12008.125
11730.625
12241.875
12293.75
12427.5
12242.5
12115.625
12016.25
12048.125
12046.25
12073.75
12180.0
12356.875
12281.25
12383.125
12080.0
11856.875
12129.375
12088.75
11998.125
11632.5
12216.875
12155.625
12206.25
12243.75
12090.625
12146.25
12095.0
12188.75
12181.25
12200.0
12255.0
12188.125
12148.125
12028.75
11988.125
12035.625
12041.875
11988.125
11760.0
12251.875
12298.125
12460.0
12191.875
12067.5
12078.125
12098.75
12121.875
12143.125
12131.875
12145.625
12370.0
12116.25
11971.875
11848.125
12077.5
12071.875
11993.75
11853.125
12255.0
12275.0
12443.75
12235.625
12116.875
12062.5
11976.25
12084.375
12064.375
12188.75
12438.75
12276.25
12323.125
12099.375
11875.0
12128.75
12104.375
12025.0
11436.875
12251.25
12318.75
12562.5
12376.25
12080.0
12026.25
11923.125
11986.875
12058.125
12123.75
12273.125
12256.25
12290.0
12011.875
11913.75
12100.625
12153.125
12016.25
11700.0
12263.75
12265.625
12489.375
12247.5
12075.625
11971.875
12035.625
12148.75
12081.25
12128.125
12183.125
12406.25
12233.75
12095.0
11855.0
12028.75
12073.75
12000.625
11743.75
12263.125
12309.375
12534.375
12166.25
12091.875
12075.625
12020.625
12066.25
12118.75
12187.5
12144.375
12346.875
12116.25
11908.125
11854.375
12059.375
12085.625
11993.125
11880.625
12225.625
12167.5
12193.125
12191.875
12064.375
12120.0
12180.625
12195.0
12180.625
12150.0
12164.375
12236.25
12111.25
12020.0
12031.25
12146.875
12073.75
12020.0
11705.0
12251.25
12276.875
12510.625
12376.875
12220.625
12105.0
12153.75
12195.625
12060.0
12211.25
12116.875
12166.25
12176.875
12087.5
11761.25
11968.75
12060.625
11982.5
11649.375
12233.125
12290.0
12492.5
12324.375
12215.625
12155.625
12085.0
12156.875
12157.5
12081.875
12126.875
12350.625
12173.125
12008.125
11725.0
11993.75
11996.25
11911.875
11691.25
12237.5
12269.375
12417.5
12390.625
12093.125
12201.875
12135.0
12152.5
12124.375
12226.875
12214.375
12292.5
12165.0
11983.125
11794.375
12018.75
12008.75
11920.625
11590.625
12229.375
12145.625
12168.125
12204.375
12211.25
12166.875
12190.0
12198.75
12230.0
12241.875
12220.625
12110.0
12141.25
12045.0
12046.25
12112.5
12006.25
11984.375
11750.0
12230.625
12280.625
12500.0
12376.25
12093.125
12167.5
12154.375
12134.375
12165.0
12187.5
12168.75
12358.75
12084.375
11930.0
11693.75
11997.5
11943.125
11925.625
11821.25
12241.25
12281.875
12491.25
12343.125
11977.5
12140.0
12140.0
12177.5
12271.25
12203.75
12156.875
12371.25
12127.5
11883.75
11708.125
11948.125
11977.5
11928.125
11720.0
12227.5
12298.125
12427.5
12416.875
11842.5
11876.25
12158.125
12285.0
12235.625
12273.125
12228.75
12245.625
12164.375
12181.25
11655.625
11890.0
11955.0
11928.125
11772.5
12195.625
12133.125
12095.625
11983.75
12189.375
12229.375
12188.75
12511.25
12295.625
12216.25
12190.625
12177.5
12100.625
11978.125
12042.5
12076.875
12051.25
11989.375
11721.875
12154.375
12127.5
12134.375
12140.0
12111.25
12141.875
12296.25
12261.875
12218.75
12228.75
12136.25
12120.625
12073.75
12002.5
12010.0
12060.625
12010.0
11949.375
11870.0
12235.625
12275.625
12523.125
12297.5
12216.25
12165.0
12248.125
12224.375
12222.5
12166.875
12129.375
12229.375
12170.0
11902.5
11771.875
11975.625
12002.5
11910.0
11668.125
12208.75
12147.5
12185.0
12243.125
12218.125
12230.625
12200.625
12198.75
12234.375
12138.125
12230.625
12230.0
11983.75
11991.25
12040.0
12060.0
12023.125
12004.375
11733.75
12156.875
12114.375
12135.625
12166.875
12128.125
12132.5
12230.625
12299.375
12205.625
12177.5
12156.25
12156.25
12094.375
12016.875
12039.375
11988.75
11990.0
11970.0
11861.25
12230.0
12291.875
12541.875
12394.375
12126.25
12192.5
12131.25
12215.625
12115.0
12131.25
12171.25
12288.125
12198.125
11800.0
11715.625
11932.5
12008.125
11913.75
11764.375
12234.375
12274.375
12429.375
12410.625
12160.625
12175.0
12205.625
12190.625
12176.875
12161.25
12238.75
12245.0
12217.5
11860.0
11818.75
11973.75
12030.0
11941.25
11646.875
12249.375
12303.75
12464.375
12314.375
12131.25
12177.5
12130.0
12138.125
12184.375
12159.375
12126.25
12335.625
12066.25
11945.625
11730.625
11980.625
12005.0
11920.0
11869.375
12236.875
12265.625
12483.125
12407.5
12197.5
12164.375
12189.375
12170.625
12204.375
12192.5
12094.375
12239.375
12115.0
11792.5
11818.125
11922.5
12013.75
11873.125
11853.125
12230.0
12291.875
12511.875
12429.375
12218.125
12238.125
12152.5
12145.0
12200.625
12191.25
12146.25
12194.375
12036.875
11947.5
11730.0
11978.125
12001.25
11908.75
11767.5
12205.625
12130.0
12180.625
12235.0
12233.75
12263.75
12237.5
12196.25
12181.875
12170.0
12140.625
12163.125
12040.625
11958.75
11994.375
12059.375
11985.0
12005.625
11791.25
12158.75
12133.75
12160.625
12173.125
12198.125
12171.875
12213.75
12226.875
12185.0
12158.75
12165.0
12076.25
12065.625
12022.5
12066.25
12025.0
12000.0
12005.0
11907.5
12246.25
12292.5
12556.875
12373.75
12140.625
12153.125
12158.75
12190.0
12113.75
12150.0
12121.875
12186.25
12103.125
11893.75
11760.0
11946.875
12005.625
11909.375
11857.5
12225.0
12261.25
12568.75
12408.125
12185.0
12174.375
12144.375
12141.25
12129.375
12188.75
12130.0
12272.5
12174.375
11863.75
11800.0
11960.0
11995.625
11908.125
11768.75
12253.125
12281.875
12537.5
12421.25
12168.125
12181.25
12093.125
12206.25
12149.375
12183.75
12126.875
12220.0
12104.375
11823.75
11725.0
11980.625
12007.5
11931.25
11772.5
12251.875
12262.5
12550.625
12360.0
12087.5
12167.5
12165.625
12223.75
12245.0
12205.0
12161.875
12212.5
12086.875
11908.125
11783.125
11984.375
12026.25
11974.375
11615.625
12203.125
12140.625
12174.375
12239.375
12275.625
12238.75
12153.75
12252.5
12212.5
12103.125
12188.75
12210.0
12045.625
12049.375
12031.25
12047.5
11965.0
11961.25
11805.0
12227.5
12294.375
12498.75
12401.25
12135.625
12116.25
12188.75
12120.0
12170.625
12142.5
12140.625
12296.25
12145.625
11826.875
11806.25
11939.375
11966.875
11957.5
11921.25
12216.25
12262.5
12509.375
12393.75
12100.625
12171.25
12188.75
12185.0
12176.875
12192.5
12144.375
12121.25
12128.75
11838.125
11820.0
11990.625
11996.25
11910.625
11916.875
12218.125
12284.375
12523.125
12398.125
12169.375
12135.0
12144.375
12200.625
12194.375
12158.75
12101.875
12223.75
12117.5
11852.5
11810.625
12011.25
11999.375
11905.625
11910.0
12233.75
12300.625
12563.125
12446.875
12088.125
12196.25
12225.625
12175.0
12151.875
12163.75
12099.375
12257.5
12122.5
11825.0
11821.875
11951.25
11994.375
11960.0
11835.0
12201.875
12145.625
12204.375
12195.0
12221.875
12215.625
12170.0
12166.875
12245.0
12148.75
12164.375
12140.625
12133.125
12015.0
12013.125
12085.0
12073.75
11934.375
11785.625
12148.75
12150.0
12146.875
12163.125
12137.5
12163.125
12225.625
12224.375
12186.875
12200.0
12101.25
12140.625
12086.875
12026.875
12022.5
12035.625
12013.125
11941.875
11856.25
12225.625
12282.5
12555.0
12375.0
12145.0
12142.5
12165.0
12165.0
12088.75
12172.5
12111.25
12236.875
12088.125
11871.25
11674.375
11940.625
11984.375
11968.75
11941.25
12233.75
12291.25
12478.75
12630.625
11871.25
12189.375
12099.375
12140.625
12101.875
12143.125
12056.25
12263.125
12081.25
11857.5
11837.5
11946.25
11980.0
11908.125
11879.375
12221.25
12283.75
12506.25
12295.625
12183.125
12168.75
12109.375
12215.625
12091.875
12140.0
12151.875
12295.0
12061.25
11905.625
11831.25
11977.5
12001.875
11945.0
11861.875
12227.5
12262.5
12425.0
12288.125
12152.5
12124.375
12095.0
12193.125
12221.25
12138.125
12156.875
12218.125
12218.75
11966.875
11769.375
12015.0
11992.5
11906.875
11846.875
12233.75
12304.375
12403.75
12271.875
12184.375
12181.875
12148.75
12165.0
12110.625
12164.375
12138.75
12349.375
12209.375
11906.875
11775.625
11943.125
12037.5
11960.625
11910.625
12231.875
12263.75
12456.25
12275.625
12205.625
12161.25
12142.5
12176.875
12184.375
12125.0
12118.75
12354.375
12186.25
11891.25
11780.0
11976.875
12051.25
11946.25
11882.5
12232.5
12271.25
12470.0
12321.25
12208.125
12185.0
12169.375
12153.75
12165.625
12133.125
12093.75
12293.75
12167.5
11886.25
11780.625
11961.875
12056.875
11922.5
11896.25
12223.75
12272.5
12453.125
12120.0
12270.0
11991.875
12042.5
12033.75
12123.125
12238.125
12162.5
12338.125
12100.0
12158.125
11721.25
12054.375
12115.625
12016.875
11906.875
12233.125
12303.125
12473.75
12151.25
12062.5
12130.625
12130.0
12110.0
12065.0
12043.75
12201.25
12423.125
12087.5
12055.0
11963.75
12058.75
12038.125
12069.375
11853.75
12238.75
12256.25
12497.5
12126.25
12051.875
12048.75
12148.75
12110.0
12085.625
12243.75
12251.875
12328.125
12305.0
11976.875
11848.125
12013.125
12110.625
11983.75
11834.375
12209.375
12170.625
12163.75
12188.125
12142.5
12254.375
12160.625
12178.75
12240.625
12121.875
12231.875
12080.625
12004.375
12018.125
12053.125
12175.0
12053.75
12074.375
11738.75
12155.0
12141.875
12134.375
12145.625
12086.25
12116.25
12161.25
12237.5
12208.75
12221.25
12120.0
12123.125
12096.25
12038.125
12038.75
12031.25
11925.0
12022.5
11923.125
12233.125
12305.625
12488.75
12215.0
12093.125
12055.625
12016.875
12142.5
12101.875
12092.5
12178.125
12298.125
12110.625
12003.75
11841.875
12088.125
12013.75
12038.125
11998.125
12213.125
12267.5
12450.625
12290.0
12235.625
12209.375
12156.875
12185.0
12123.125
12143.75
12186.25
12105.625
12146.875
11910.0
11806.875
12005.0
11996.25
11935.625
11924.375
12169.375
12136.875
12171.25
12165.625
12175.0
12223.125
12171.25
12181.875
12274.375
12218.75
12204.375
12228.75
12145.625
12098.125
12070.0
12120.625
12048.125
12045.0
11866.875
12145.0
12140.0
12164.375
12155.0
12098.75
12113.125
12133.125
12221.875
12173.125
12163.75
12119.375
12161.25
12109.375
12046.875
12069.375
12082.5
12044.375
12018.75
11958.75
12238.125
12306.25
12452.5
12092.5
12086.875
11963.75
12062.5
12124.375
12169.375
12060.625
12194.375
12425.625
12137.5
12039.375
11916.875
12046.875
12078.75
12125.625
11856.875
12160.625
12125.0
12155.0
12137.5
12110.0
12050.625
12140.0
12305.625
12210.0
12152.5
12146.875
12178.125
12088.75
12083.75
12061.25
12053.125
11986.25
11993.75
11851.25
12235.625
12263.125
12468.125
12078.125
12121.25
12003.75
12034.375
12012.5
12011.875
12163.75
12190.0
12327.5
12249.375
12092.5
11973.75
12098.75
12133.125
11980.0
11941.875
12243.75
12281.25
12501.875
12136.875
12052.5
12005.625
11981.875
12083.125
12076.25
12065.0
12246.875
12457.5
12180.625
12038.75
11966.875
12130.0
12130.0
11993.125
11850.0
12229.375
12300.0
12453.75
12112.5
12057.5
11972.5
12082.5
12186.25
12071.25
12019.375
12159.375
12506.875
12039.375
12136.875
11986.25
12083.125
12076.875
12103.125
11951.25
12220.625
12264.375
12416.875
12145.0
12090.625
12023.125
12193.75
12068.75
12105.0
12170.625
12339.375
12300.625
12255.0
12098.75
11843.125
12090.0
12038.125
11988.75
11825.0
12225.0
12145.0
12215.0
12163.125
12026.875
12080.0
12159.375
12212.5
12154.375
12253.75
12297.5
12169.375
12115.625
12066.25
12064.375
12113.125
12078.75
11995.0
11708.75
12228.75
12236.875
12518.75
12036.875
12128.125
12008.75
12011.875
12058.75
12080.625
12173.75
12246.25
12350.0
12240.0
12079.375
11910.625
12148.75
12062.5
11981.25
11946.25
12236.875
12277.5
12503.75
12155.625
12036.875
12131.25
12020.0
12075.625
12143.125
12040.0
12102.5
12306.875
12051.25
11913.75
11791.875
12008.75
12271.875
12266.875
12101.875
12248.125
12144.375
12196.25
12181.875
12169.375
12101.875
12151.875
12231.875
12235.0
12159.375
12203.125
12125.0
12140.625
12096.25
11997.5
12131.25
12093.75
11995.0
11738.75
12174.375
12116.25
12161.25
12160.0
12141.875
12168.75
12174.375
12171.875
12131.875
12141.25
12159.375
12076.875
12057.5
12070.0
12083.75
12023.75
11995.0
12006.25
11876.25
12221.875
12273.125
12483.125
12120.625
12071.875
12006.875
12096.25
12088.125
12109.375
12111.875
12162.5
12285.625
12169.375
11965.625
11957.5
12140.0
12146.25
12032.5
11898.125
12243.125
12296.25
12516.875
12274.375
12186.25
12246.875
12109.375
12205.0
12142.5
12185.0
12171.25
12190.0
12058.75
11904.375
11748.125
11955.0
12030.625
11956.875
11846.25
12220.625
12141.875
12190.625
12108.75
12118.75
12131.875
12099.375
12216.25
12238.125
12214.375
12283.75
12303.125
12188.75
12076.25
12054.375
12092.5
11963.125
11903.75
11546.875
12155.0
12133.75
12161.875
12130.0
12105.0
12070.0
12028.125
12094.375
12303.75
12217.5
12210.0
12169.375
12065.0
12024.375
12103.75
12128.125
12088.75
12029.375
11844.375
12179.375
12120.0
12164.375
12161.25
12155.0
12143.75
12160.0
12178.125
12125.0
12190.625
12145.625
12123.75
12037.5
12033.75
12043.75
12068.125
12047.5
11966.25
11829.375
12244.375
12273.125
12473.125
12053.75
12062.5
12055.625
12106.875
12081.25
12090.625
12098.75
12230.0
12221.25
12253.75
11952.5
11861.875
12137.5
12130.625
12030.625
11955.0
12240.0
12292.5
12478.75
12193.75
12097.5
12065.625
12035.0
12210.0
12047.5
12058.125
12198.75
12236.875
12200.0
11980.625
11906.25
12106.875
12138.125
12015.625
11934.375
12235.625
12253.75
12435.0
12167.5
12068.75
11996.25
12116.875
12110.625
12092.5
12202.5
12325.625
12279.375
12255.625
12069.375
11856.875
12059.375
12105.625
12065.625
11783.75
12231.875
12132.5
12210.625
12120.625
12068.75
12046.875
12016.25
12158.125
12218.75
12143.75
12235.0
12321.25
12240.625
12140.0
12050.625
12079.375
12020.0
11991.25
11750.625
12248.125
12291.875
12471.875
12264.375
12020.0
12063.125
12013.125
12150.0
12094.375
12197.5
12116.875
12345.0
12189.375
12020.0
11891.875
12051.875
12071.25
11964.375
11941.25
12246.25
12256.25
12501.25
12151.875
12042.5
12083.75
12038.75
12081.25
12087.5
12158.75
12211.875
12367.5
12251.25
12136.25
11842.5
12066.875
12071.25
12000.0
11867.5
12242.5
12262.5
12476.25
12276.25
12041.25
12057.5
12030.625
12073.125
12136.25
12172.5
12177.5
12343.75
12187.5
12018.75
11861.25
12145.625
12053.75
11945.625
11896.875
12236.875
12269.375
12458.75
12233.75
12082.5
11975.0
12020.625
12113.75
12085.625
12108.75
12267.5
12393.125
12098.125
12018.75
11881.25
12121.25
12171.875
11997.5
11843.125
12234.375
12263.125
12393.125
12189.375
12096.25
11988.125
12168.125
12135.625
12083.75
12280.625
12267.5
12383.125
12311.875
11958.125
11838.75
12112.5
12074.375
11971.25
11812.5
12201.25
12144.375
12192.5
12186.25
12104.375
12035.0
12159.375
12107.5
12114.375
12173.125
12242.5
12310.625
12198.75
12086.25
12073.125
12155.625
12044.375
11966.875
11735.625
12170.0
12123.125
12152.5
12151.875
12107.5
12050.625
12092.5
12193.125
12153.75
12144.375
12195.625
12210.625
12201.25
12028.125
12042.5
12043.125
11990.0
11971.875
11892.5
12245.625
12280.625
12437.5
12208.75
12035.625
12023.75
12045.625
12096.875
12062.5
12125.0
12094.375
12474.375
12242.5
12002.5
11906.25
12061.875
12131.875
12000.0
11911.875
12242.5
12273.75
12481.875
12154.375
12096.875
11968.75
11996.875
12101.875
12146.25
12120.0
12235.625
12366.25
12113.75
12101.25
11758.125
12146.25
12111.25
11990.625
11931.25
12235.625
12258.125
12456.875
12198.75
12091.875
12031.25
12110.0
12103.125
12089.375
12143.125
12360.0
12297.5
12221.25
12042.5
11819.375
12095.0
12060.625
11976.25
11869.375
12215.625
12151.875
12196.875
12181.875
12136.25
12043.75
12026.875
12160.625
12203.75
12156.875
12261.875
12241.25
12190.625
12076.875
12024.375
12105.625
12040.625
11996.875
11766.25
12252.5
12268.75
12436.25
12347.5
12094.375
11955.0
11999.375
12112.5
12078.75
12096.25
12131.875
12373.75
12102.5
11998.125
11887.5
12087.5
12048.125
12034.375
11923.125
12216.25
12145.625
12170.625
12147.5
12084.375
12032.5
12125.625
12199.375
12291.875
12300.0
12180.625
12196.25
12176.25
12028.125
12026.25
12034.375
12011.875
11956.875
11803.75
12156.875
12111.875
12138.75
12152.5
12055.625
12064.375
12131.875
12187.5
12223.75
12207.5
12183.75
12166.875
12165.0
12019.375
12011.875
12026.25
11995.0
11996.25
11886.875
12236.25
12245.0
12495.0
12196.875
12101.875
12040.0
12030.0
12070.0
12040.0
12141.25
12103.75
12283.75
12243.125
12081.875
11859.375
12086.25
12079.375
12007.5
11886.25
12236.875
12226.25
12501.25
12248.75
12093.125
11977.5
12092.5
12093.125
12163.75
12226.875
12320.625
12276.25
12316.875
12082.5
11806.875
12066.25
12088.75
12047.5
11731.25
12207.5
12141.25
12212.5
12183.75
12065.0
12072.5
12102.5
12226.875
12314.375
12128.75
12306.25
12225.625
12195.625
12018.125
11961.25
12045.625
12021.25
11980.0
11735.625
12144.375
12148.125
12165.625
12196.25
12064.375
12095.625
12139.375
12283.75
12166.875
12170.625
12193.125
12181.25
12108.75
12010.625
12078.125
12029.375
11995.0
11981.875
11865.0
12246.875
12251.25
12444.375
12219.375
12138.125
11990.625
12116.875
12083.125
12130.625
12151.875
12183.125
12314.375
12123.125
12053.125
11856.875
12050.625
12102.5
12013.125
11932.5
12237.5
12261.25
12421.875
12199.375
12041.875
11986.25
12093.75
12259.375
12131.25
12119.375
12157.5
12455.625
12170.0
11950.625
11926.25
12061.875
12050.0
11999.375
11865.625
12238.75
12235.625
12453.125
12206.25
11605.0
11946.875
12141.25
12090.0
12195.0
12172.5
12186.875
12193.75
12263.75
11996.25
11850.625
12045.625
12056.25
12033.75
11833.125
12151.25
12116.25
12146.875
12162.5
12162.5
12128.125
12204.375
12251.875
12253.125
12208.125
12166.875
12158.125
12036.25
11938.75
12026.875
12048.125
11985.625
11922.5
11888.125
12243.75
12258.75
12455.625
12206.25
12106.25
12040.625
12110.0
12133.75
12067.5
12095.625
12152.5
12303.125
12148.125
11975.0
11863.75
12113.75
12080.625
11985.625
11937.5
12231.25
12215.0
12449.375
12171.875
12139.375
12117.5
12123.125
12103.75
12160.0
12136.25
12104.375
12238.75
12273.125
12003.75
11902.5
12072.5
12116.25
11945.625
11917.5
12153.125
12125.625
12155.625
12139.375
12060.625
12020.0
12066.25
12123.75
12186.875
12001.25
12102.5
12170.625
12115.0
12146.25
12128.75
12085.0
12076.875
11985.0
11906.875
12223.75
12251.875
12477.5
12230.625
12118.125
12207.5
12160.625
12026.875
12005.625
12091.25
12138.125
12263.125
12148.125
12143.75
11435.0
11841.875
12049.375
11898.125
11911.25
12231.25
12247.5
12450.625
12326.25
12249.375
12250.625
12171.875
12196.25
12193.125
12178.125
12180.625
12194.375
12252.5
12033.125
11817.5
11979.375
11972.5
11962.5
11643.75
12189.375
12136.875
12202.5
12242.5
12188.75
12202.5
12215.0
12119.375
12225.0
12229.375
12148.125
12125.0
12075.625
11995.625
12019.375
12233.125
12029.375
11921.25
11648.125
12151.25
12125.0
12135.0
12156.875
12141.25
12116.875
12206.25
12259.375
12200.0
12200.625
12168.125
12131.25
12093.75
11996.875
11993.125
12015.625
11976.25
11943.75
11865.625
12236.25
12251.875
12409.375
12358.75
12209.375
12163.75
12149.375
12152.5
12203.125
12215.0
12173.125
12216.25
12170.0
11945.0
11725.625
11921.25
11978.125
11939.375
11860.625
12231.875
12310.625
12485.0
12512.5
12152.5
12187.5
12233.75
12183.75
12200.625
12188.125
12188.125
12366.25
12179.375
11973.75
11773.125
11937.5
11961.25
11851.25
11734.375
12210.625
12240.0
12399.375
12328.75
12181.875
12183.125
12178.125
12210.625
12180.0
12248.75
12204.375
12286.25
12138.75
12026.875
11773.75
11930.625
11981.25
11852.5
11768.125
12188.75
12125.0
12144.375
12183.75
12197.5
12201.25
12205.625
12241.25
12242.5
12231.875
12181.25
12230.625
12063.125
11961.875
11986.25
12051.25
12069.375
11955.0
11743.125
12152.5
12125.625
12138.125
12131.875
12155.0
12118.125
12198.125
12288.125
12223.125
12315.0
12170.0
12169.375
12088.75
12068.125
12023.125
12031.25
11952.5
11988.125
11795.0
12216.875
12237.5
12432.5
12281.25
12166.875
12121.875
12186.25
12138.125
12202.5
12152.5
12205.625
12276.25
12176.875
11913.125
11794.375
11955.625
12023.125
11861.875
11893.75
12216.25
12241.25
12427.5
12341.25
12160.0
12200.625
12125.625
12145.0
12183.75
12196.875
12271.875
12320.0
12204.375
12037.5
11736.25
11960.625
11975.625
11896.875
11778.75
12220.625
12208.75
12346.25
12242.5
12188.75
12250.0
12220.0
12214.375
12285.0
12171.25
12235.625
12115.0
12186.25
11958.75
11907.5
12031.875
12045.0
11935.0
11794.375
12178.125
12115.0
12159.375
12191.25
12203.75
12246.875
12221.875
12220.625
12274.375
12197.5
12157.5
12101.875
12121.25
12101.875
11991.875
12075.625
12055.625
12019.375
11923.75
12150.0
12083.75
12106.875
12145.625
12107.5
12086.25
12155.625
12201.875
12208.125
12187.5
12138.125
12154.375
12123.125
12046.875
12007.5
12063.125
12010.625
11945.625
11902.5
12220.625
12259.375
12526.25
12361.875
12088.125
12132.5
12164.375
12154.375
12182.5
12150.625
12105.625
12311.875
12116.875
11914.375
11751.25
11915.0
11985.625
11926.25
11912.5
12208.125
12245.0
12533.75
12390.625
12128.75
12149.375
12138.125
12135.625
12205.0
12146.25
12125.625
12214.375
12212.5
11936.875
11725.625
11892.5
11973.75
11936.875
11870.625
12226.25
12262.5
12520.625
12380.625
12110.0
12156.25
12198.125
12156.25
12104.375
12151.25
12176.25
12284.375
12164.375
11883.125
11763.75
11941.875
11932.5
11927.5
11906.25
12218.75
12271.25
12531.875
12429.375
12173.75
12170.0
12182.5
12196.875
12141.875
12138.125
12116.875
12227.5
12141.25
11917.5
11689.375
11997.5
12003.125
11950.0
11817.5
12217.5
12273.75
12528.75
12369.375
12104.375
12148.125
12207.5
12180.625
12144.375
12203.75
12185.0
12242.5
12189.375
11931.25
11733.125
12008.125
11994.375
11865.0
11719.375
12195.625
12140.0
12151.25
12193.125
12192.5
12225.0
12238.125
12186.25
12208.75
12106.875
12163.75
12183.75
12115.625
12049.375
12023.75
12086.25
12084.375
12007.5
11706.25
12145.0
12135.625
12152.5
12178.75
12111.25
12125.0
12201.875
12250.625
12234.375
12221.25
12146.25
12115.625
12080.0
12008.75
12029.375
12042.5
11982.5
11977.5
11896.875
12225.625
12257.5
12535.0
12394.375
12119.375
12100.625
12170.625
12139.375
12213.125
12189.375
12072.5
12211.25
12094.375
11988.75
11670.625
11948.75
11991.25
11925.625
11893.75
12221.25
12254.375
12571.25
12416.875
12147.5
12163.125
12162.5
12179.375
12153.75
12155.625
12136.25
12167.5
12140.0
11933.75
11776.875
11950.625
11990.625
11876.875
11868.75
12223.75
12258.75
12525.625
12472.5
12098.75
12138.75
12178.75
12110.625
12135.0
12150.0
12083.125
12244.375
12143.75
11915.0
11796.25
11967.5
11970.0
11893.75
11863.75
12220.625
12256.875
12538.75
12425.625
12181.25
12148.75
12169.375
12158.75
12170.0
12156.25
12052.5
12164.375
12167.5
11902.5
11833.125
11935.625
11980.625
11898.125
11840.0
12210.625
12263.75
12565.625
12349.375
12193.75
12178.75
12209.375
12173.75
12084.375
12179.375
12113.75
12223.75
12151.25
11991.875
11770.0
12036.25
11969.375
11894.375
11780.0
12181.875
12148.125
12198.75
12176.25
12198.125
12219.375
12189.375
12287.5
12124.375
12200.0
12147.5
12183.75
12112.5
12060.625
12018.125
12041.875
11983.75
11985.625
11710.0
12145.625
12115.0
12145.625
12156.875
12087.5
12118.125
12193.75
12261.25
12139.375
12226.875
12116.875
12103.125
12106.25
12013.75
12076.875
12021.875
11980.625
11978.75
11893.75
12243.125
12277.5
12578.75
12448.75
12061.25
12128.75
12185.625
12132.5
12115.0
12181.875
12170.625
12200.0
12108.125
11994.375
11748.125
11890.625
11953.75
11911.25
11902.5
12215.625
12242.5
12588.75
12051.25
12133.75
12165.0
12434.375
12383.125
12110.0
12203.125
12130.625
12241.875
12128.75
11994.375
11718.125
11967.5
11970.625
11943.125
11819.375
12209.375
12266.25
12543.75
12403.75
12156.25
12150.625
12154.375
12156.875
12111.25
12163.125
12075.625
12204.375
12100.0
12028.75
11757.5
12000.625
11994.375
11962.5
11863.75
12205.625
12274.375
12586.25
12407.5
12178.75
12206.875
12165.625
12092.5
12180.0
12173.125
12112.5
12195.625
12149.375
12068.125
11814.375
11936.25
12068.75
11884.375
11821.25
12201.25
12264.375
12501.875
12341.875
12190.0
12183.75
12158.125
12280.625
12188.125
12151.25
12128.125
12190.625
12109.375
12076.875
11974.375
12013.125
12005.625
11995.0
11835.0
12155.0
12136.875
12153.75
12178.75
12194.375
12204.375
12178.75
12203.75
12196.25
12205.0
12168.125
12181.875
12171.875
12076.25
12055.0
12086.875
12073.125
12019.375
11912.5
12145.0
12145.625
12148.125
12133.125
12098.75
12090.0
12131.875
12247.5
12151.25
12151.25
12166.875
12143.75
12088.75
12065.0
12065.0
12093.125
12031.875
12012.5
11981.875
12142.5
12133.75
12141.875
12141.25
12175.0
12164.375
12158.75
12130.625
12168.75
12178.75
12141.25
12098.125
12088.75
12037.5
11996.25
12030.625
11959.375
11951.25
11915.0
12130.625
12106.25
12104.375
12153.125
12086.875
12137.5
12180.625
12171.875
12195.625
12146.25
12122.5
12133.125
12082.5
12061.25
12015.625
12031.25
11951.25
11996.25
11860.625
12210.0
12256.25
12513.75
12324.375
12118.75
12131.875
12130.0
12190.625
12216.25
12102.5
12083.125
12185.0
12113.125
11958.125
11756.25
11952.5
11942.5
11883.75
11886.875
12230.0
12288.75
12588.75
12492.5
12208.125
12121.875
12126.25
12193.75
12155.625
12199.375
12149.375
12195.0
12096.25
11950.625
11708.75
11886.875
11881.875
11899.375
11837.5
12225.0
12282.5
12508.75
12271.25
12188.75
12169.375
12184.375
12260.0
12210.625
12207.5
12107.5
12233.75
12196.25
11960.0
11685.0
11966.25
11976.25
11835.0
11765.0
12187.5
12129.375
12185.0
12167.5
12243.75
12215.625
12254.375
12271.25
12236.25
12196.875
12143.125
12202.5
12085.625
12055.625
11985.625
12058.75
11971.875
11953.125
11656.875
12155.0
12128.125
12154.375
12155.625
12116.25
12118.125
12188.125
12281.25
12200.625
12251.25
12206.25
12146.25
11996.875
11986.25
12041.25
12024.375
11970.625
12012.5
11859.375
12235.0
12275.625
12565.625
12355.625
12082.5
12148.75
12158.125
12142.5
12176.875
12150.625
12103.125
12218.75
12128.125
12005.625
11704.375
11966.875
11964.375
11946.875
11888.75
12231.25
12249.375
12594.375
12365.0
12155.0
12168.75
12140.0
12210.0
12175.0
12171.875
12155.0
12217.5
12065.625
11971.875
11778.75
11936.25
12020.0
11877.5
11845.0
12230.625
12263.75
12557.5
12398.75
12112.5
12158.75
12155.625
12183.125
12202.5
12201.875
12109.375
12272.5
12106.25
11915.0
11761.875
11923.75
11950.625
11905.625
11863.75
12218.125
12260.0
12561.25
12403.75
12164.375
12156.875
12173.125
12193.125
12182.5
12167.5
12095.0
12239.375
12164.375
11968.75
11735.625
11966.25
11928.75
11905.625
11856.25
12231.25
12252.5
12484.375
12360.625
12165.0
12133.125
12168.125
12190.0
12172.5
12189.375
12136.875
12218.75
12164.375
12131.875
11734.375
11899.375
11996.875
11840.625
11755.625
12191.875
12133.125
12172.5
12173.75
12032.5
12024.375
12143.75
12356.875
12377.5
12221.25
12156.875
12185.625
12083.75
11976.25
12023.125
12130.0
12012.5
11963.125
11749.375
12148.75
12135.625
12141.875
12163.75
12100.625
12041.25
12121.875
12285.0
12253.125
12240.625
12153.125
12172.5
12106.875
12049.375
11985.0
12030.0
12004.375
11959.375
11893.125
12236.875
12268.75
12541.875
12420.625
12135.625
12146.875
12180.625
12155.625
12197.5
12083.75
12090.625
12255.625
12155.625
11894.375
11751.25
11921.25
11962.5
11911.25
11908.75
12221.25
12261.25
12517.5
12360.625
12115.0
12146.25
12128.125
12254.375
12166.875
12178.75
12085.625
12240.625
12080.0
11951.25
11789.375
11947.5
11928.125
11908.125
11863.75
12232.5
12277.5
12477.5
12441.875
12141.875
12108.75
12194.375
12168.75
12167.5
12188.75
12109.375
12221.875
12221.875
11918.125
11763.75
11941.25
11962.5
11890.0
11849.375
12221.25
12278.125
12478.125
12395.0
12128.125
12153.125
12108.75
12196.25
12186.25
12235.625
12053.75
12211.25
12162.5
11993.125
11785.0
11998.75
11923.125
11869.375
11846.875
12226.875
12252.5
12548.75
12378.125
12191.25
12129.375
12195.0
12159.375
12197.5
12126.875
12163.125
12151.25
12163.75
12040.0
11768.125
11943.125
11961.875
11943.75
11725.0
12198.125
12119.375
12180.0
12250.0
12123.75
12193.75
12163.125
12261.25
12245.0
12200.0
12214.375
12210.625
12180.0
11979.375
11980.0
12038.75
12028.125
11951.25
11741.875
12148.125
12122.5
12151.25
12181.875
12069.375
12111.875
12163.75
12296.875
12257.5
12180.0
12171.875
12173.75
12069.375
12011.25
12039.375
12009.375
12035.0
11933.75
11875.0
12249.375
12259.375
12555.0
12355.0
12117.5
12123.125
12125.625
12165.0
12109.375
12183.75
12127.5
12258.75
12177.5
11951.875
11736.875
11938.75
11967.5
11931.25
11906.875
12233.125
12240.0
12536.25
12448.75
12070.0
12153.75
12156.25
12180.0
12170.625
12188.75
12091.875
12197.5
12132.5
11951.875
11768.125
11926.875
11942.5
11868.75
11865.0
12224.375
12281.875
12509.375
12440.0
12091.25
12129.375
12161.875
12168.75
12183.75
12174.375
12125.0
12256.25
12133.75
11929.375
11738.125
11927.5
11985.0
11889.375
11816.875
12225.625
12268.75
12508.75
12404.375
12131.25
12091.875
12166.875
12161.875
12192.5
12180.0
12131.875
12212.5
12130.0
11936.25
11815.625
11951.25
12007.5
11873.125
11849.375
12224.375
12267.5
12479.375
12406.875
12065.625
12031.875
12002.5
12161.25
12230.625
12205.625
12198.125
12315.625
12155.0
12049.375
11740.0
11989.375
11950.625
11991.875
11738.125
12175.625
12145.625
12145.0
12195.625
12154.375
12221.25
12266.25
12060.625
12138.75
12254.375
12275.0
12188.75
12081.25
12001.25
12005.0
12058.125
12004.375
12028.125
11681.875
12150.625
12143.75
12130.0
12160.625
12147.5
12113.125
12191.875
12263.125
12217.5
12204.375
12153.75
12135.625
12068.125
12005.0
11971.25
12054.375
11990.625
11995.625
11883.125
12251.875
12261.25
12545.625
12350.625
12069.375
12126.875
12100.625
12133.125
12229.375
12185.0
12168.125
12244.375
12122.5
11898.125
11764.375
11929.375
11967.5
11910.625
11885.625
12226.875
12258.75
12544.375
12367.5
12199.375
12141.25
12126.875
12156.25
12160.0
12139.375
12075.625
12193.75
12246.875
11948.75
11766.875
11960.625
11983.75
11945.625
11841.875
12234.375
12276.875
12518.75
12368.75
12128.125
12156.875
12176.875
12204.375
12088.125
12147.5
12120.625
12166.25
12164.375
11941.875
11823.75
11948.125
12045.0
11997.5
11840.0
12234.375
12255.0
12535.625
12368.125
12204.375
12178.125
12131.875
12172.5
12119.375
12225.625
12151.25
12169.375
12167.5
12060.0
11771.875
11943.75
12002.5
11876.25
11835.625
12231.25
12262.5
12515.0
12348.75
12166.25
12186.875
12160.625
12150.0
12140.625
12205.0
12141.25
12148.125
12246.875
11936.25
11794.375
11971.25
11968.125
11912.5
11768.75
12201.875
12148.75
12180.0
12187.5
12156.25
12249.375
12214.375
12201.25
12206.25
12165.0
12149.375
12190.625
12119.375
12025.0
11952.5
12042.5
12057.5
11933.125
11743.125
12156.25
12142.5
12142.5
12162.5
12140.0
12113.75
12155.0
12265.625
12244.375
12171.25
12145.625
12097.5
12074.375
12018.75
12035.0
12068.125
11969.375
11979.375
11860.625
12228.125
12271.25
12531.25
12437.5
12198.75
12187.5
12156.875
12162.5
12186.875
12136.875
12122.5
12256.25
12120.625
11950.625
11727.5
11946.875
11938.75
11893.125
11868.125
12223.75
12233.125
12542.5
12340.0
12197.5
12198.125
12101.875
12180.0
12104.375
12189.375
12132.5
12191.25
12258.125
11908.125
11782.5
11943.125
11996.875
11932.5
11771.875
12180.625
12121.25
12148.75
12171.25
12146.25
12173.75
12131.25
12147.5
12208.125
12247.5
12145.625
12126.25
12076.25
12028.75
11998.75
12030.0
12006.25
11976.25
11852.5
12241.25
12267.5
12427.5
12205.0
12086.25
12128.75
12111.875
12215.625
11975.625
12085.625
12200.625
12388.125
12074.375
12106.25
11876.875
12102.5
12118.125
11976.875
11890.625
12230.0
12250.625
12358.75
12131.875
12193.125
12121.875
12167.5
12116.875
12125.625
12136.875
12345.625
12247.5
12168.75
12106.25
11928.125
12115.0
12095.625
12008.75
11745.625
12193.75
12142.5
12154.375
12129.375
12115.0
12160.625
12153.75
12213.75
12210.625
12151.875
12224.375
12153.75
12141.875
12090.625
12032.5
12129.375
12072.5
12020.0
11733.75
12151.25
12125.625
12138.125
12180.0
12122.5
12103.75
12189.375
12201.25
12215.625
12213.125
12166.875
12155.0
12051.25
12031.875
12039.375
12023.75
11963.75
11980.0
11873.125
12230.625
12261.875
12435.0
12281.25
12094.375
11984.375
12063.125
12060.625
12121.875
12128.75
12244.375
12362.5
12184.375
12025.625
11898.125
12038.75
12106.25
11949.375
11956.25
12223.125
12253.75
12450.625
12258.125
12067.5
11878.75
12068.75
12038.75
12038.75
12133.75
12303.125
12456.25
12168.75
12108.75
11848.75
12133.125
12096.25
12048.125
11848.75
12220.0
12280.625
12475.0
12148.75
12131.875
12057.5
12035.625
12080.625
12048.125
12080.0
12305.0
12378.125
12168.125
11910.0
11967.5
12175.625
12115.0
11960.625
11865.0
12236.875
12268.125
12451.25
12176.25
12126.25
12046.875
12011.25
12085.625
12138.125
12055.0
12197.5
12472.5
12071.25
12087.5
11966.25
12124.375
12106.875
12061.25
11826.25
12233.125
12258.75
12424.375
12124.375
12137.5
12110.0
12126.25
12107.5
12123.125
12180.625
12178.125
12295.625
12318.75
12000.0
11786.875
12128.75
12171.875
12033.125
11820.625
12198.75
12151.875
12175.0
12101.25
12039.375
12091.875
12176.875
12212.5
12160.0
12279.375
12180.625
12254.375
12235.0
12128.125
11999.375
12082.5
12035.0
11948.125
11672.5
12145.625
12123.75
12144.375
12155.625
12071.875
12098.75
12180.625
12259.375
12291.875
12261.25
12154.375
12083.75
12091.875
12050.0
12023.125
11986.25
12012.5
11918.75
11859.375
12236.25
12271.875
12440.0
12201.25
12068.75
11992.5
12026.875
12091.875
12107.5
12104.375
12125.625
12451.875
12129.375
12027.5
11932.5
12068.75
12113.75
11990.625
11933.75
12219.375
12273.125
12470.0
12123.125
12173.75
11925.0
12059.375
12063.75
12016.25
12076.25
12188.75
12337.5
12402.5
11949.375
11861.875
12216.25
12125.0
12021.25
11936.875
12231.875
12281.875
12486.25
12155.625
12132.5
12011.875
12038.125
12070.625
12058.125
12100.625
12285.0
12324.375
12090.0
12020.0
11921.875
12129.375
12162.5
11974.375
11886.875
12230.625
12243.75
12476.875
12141.875
12160.0
12006.875
12021.875
12149.375
12090.0
12090.0
12188.75
12457.5
12062.5
12049.375
11948.125
12073.75
12059.375
12108.75
11895.0
12223.125
12261.875
12416.25
12058.75
12121.25
12119.375
12118.125
12128.75
12141.875
12121.875
12240.0
12330.625
12265.0
12013.125
11868.125
12101.875
12092.5
11970.0
11826.25
12225.625
12120.625
12186.25
12115.0
12107.5
12091.875
12081.875
12259.375
12225.625
12206.25
12248.75
12230.625
12148.125
12043.125
11987.5
12081.25
12001.25
11964.375
11708.125
12151.25
12135.0
12140.0
12190.0
12176.875
12133.125
12220.0
12241.25
12210.625
12209.375
12143.125
12114.375
12081.25
12001.875
12001.875
12001.875
11953.75
11976.25
11862.5
12233.75
12265.625
12480.625
12158.125
12099.375
11991.25
12040.625
12007.5
12113.125
12149.375
12179.375
12378.125
12166.875
12016.875
11966.875
12081.875
12071.25
12011.875
11911.875
12230.0
12255.625
12525.625
12119.375
12115.625
11954.375
12019.375
12066.25
12046.25
12125.625
12099.375
12376.875
12166.875
12088.75
11955.625
12190.0
12148.75
12022.5
11903.75
12223.125
12271.25
12412.5
12180.625
12008.75
12010.0
12015.625
12111.875
12074.375
12076.875
12288.125
12368.75
12211.875
11952.5
11984.375
12173.125
12156.25
12007.5
11880.625
12234.375
12273.75
12448.125
12157.5
12110.625
12031.25
12000.0
12088.75
12055.625
12038.125
12153.125
12466.25
12163.75
11984.375
11978.75
12102.5
12103.125
12014.375
11882.5
12225.625
12252.5
12474.375
12011.875
12083.75
12138.125
12088.75
12170.0
12106.25
12124.375
12231.875
12322.5
12285.625
12118.75
11855.0
12139.375
12090.0
11998.75
11778.75
12208.75
12150.625
12141.875
11919.375
12100.625
12159.375
12256.25
12261.25
12227.5
12198.125
12261.875
12326.875
12123.125
12045.625
12031.25
12084.375
11996.875
11965.0
11667.5
12146.25
12114.375
12156.25
12192.5
12151.25
12115.625
12135.0
12283.125
12240.0
12081.25
12170.625
12076.25
12095.625
11959.375
12050.625
12013.125
11970.0
11984.375
11846.25
12236.25
12298.125
12464.375
12125.625
12164.375
11963.75
12028.75
12070.0
12043.125
12091.875
12130.625
12396.875
12188.75
11950.0
11866.25
12103.125
12146.25
12012.5
11910.625
12230.0
12248.75
12500.0
12148.75
12128.75
11895.625
12058.75
12017.5
11990.625
12064.375
12141.875
12419.375
12210.0
12060.625
11892.5
12221.875
12138.125
12050.0
11896.25
12236.875
12275.625
12556.25
12105.0
12154.375
12015.625
11940.0
12186.25
12048.125
12060.0
12193.75
12402.5
12128.75
11938.125
11926.875
12177.5
12128.75
11986.875
11865.0
12227.5
12288.125
12443.75
12141.25
12122.5
12005.625
12013.125
12047.5
12163.75
12045.0
12218.125
12409.375
12142.5
11971.875
11933.75
12139.375
12156.25
12050.0
11870.625
12231.25
12247.5
12403.125
12052.5
12174.375
12125.0
12088.125
12112.5
12071.875
12192.5
12191.875
12326.25
12223.75
12024.375
11896.25
12107.5
12085.625
12038.75
11765.0
12225.625
12129.375
12166.25
12133.125
12126.875
12184.375
12141.25
12156.875
12205.625
12109.375
12196.875
12239.375
12014.375
11996.25
12051.875
12023.75
12028.75
12059.375
11643.75
12156.25
12128.125
12147.5
12165.625
12161.875
12147.5
12127.5
12239.375
12314.375
12246.875
12146.875
12065.625
12064.375
11950.625
11990.0
12033.75
11960.0
11945.625
11812.5
12255.0
12320.625
12458.125
12115.625
12089.375
12018.125
11993.75
12088.125
12075.625
12096.25
12140.0
12400.625
12139.375
11954.375
11880.625
12099.375
12098.125
12016.875
11920.0
12245.625
12270.0
12465.0
12090.0
12210.0
11880.625
12040.0
12083.125
12041.875
12071.25
12072.5
12405.0
12241.875
12110.0
11748.75
12125.625
12116.25
12028.125
11912.5
12226.25
12288.125
12503.125
12167.5
12104.375
12072.5
12026.25
12101.875
12103.125
11965.0
12282.5
12355.0
12163.125
12033.125
11945.625
12129.375
12117.5
12001.25
11863.125
12240.625
12284.375
12436.875
12175.0
12137.5
12037.5
12058.125
12085.625
12055.0
12021.25
12150.0
12478.75
12123.75
11970.625
11935.625
12116.25
12183.125
12105.0
11881.875
12241.25
12263.75
12399.375
12090.625
12092.5
12120.625
12071.25
12095.625
12091.875
12188.125
12286.875
12239.375
12303.75
12003.75
11898.75
12119.375
12156.875
11976.25
11818.75
12213.125
12165.625
12208.125
12140.0
12081.875
12097.5
12076.875
12170.0
12179.375
12228.125
12283.125
12213.75
12150.0
12067.5
11982.5
12001.875
12064.375
11985.0
11733.75
12154.375
12129.375
12155.625
12210.625
12081.25
12050.625
12108.75
12275.625
12298.75
12191.875
12187.5
12121.875
12096.25
12028.75
12037.5
11954.375
11963.125
11993.75
11861.875
12258.125
12305.0
12468.125
12160.0
12078.125
12037.5
12016.25
12057.5
12081.875
12056.25
12126.875
12382.5
12203.75
12048.75
11891.875
12116.875
12118.125
12042.5
11891.875
12225.625
12276.875
12471.25
12133.75
12155.625
11939.375
12060.625
12048.125
11983.125
12072.5
12232.5
12403.75
12181.25
12051.875
11911.25
12193.125
12134.375
12021.875
11920.625
12249.375
12291.25
12442.5
12138.125
12101.875
12035.0
12006.25
12121.875
12041.875
12005.0
12259.375
12416.25
12133.75
12041.875
12020.625
12179.375
12145.0
11933.75
11895.0
12241.875
12278.75
12473.75
12166.25
12115.625
12029.375
12096.25
12000.0
12110.625
12065.0
12246.875
12428.125
12068.75
12093.75
11836.25
12138.125
12133.75
12001.875
11897.5
12253.125
12271.25
12365.625
12162.5
12110.625
12139.375
12054.375
12146.875
12151.25
12109.375
12210.625
12243.75
12315.625
12128.75
11946.25
12160.625
12061.25
11953.75
11811.875
12206.25
12134.375
12158.125
12138.75
12077.5
12134.375
12128.125
12143.75
12180.625
12146.875
12227.5
12300.0
12232.5
12079.375
12060.625
12114.375
12032.5
12017.5
11738.75
12160.0
12126.875
12136.25
12147.5
12140.0
12118.125
12196.25
12261.25
12307.5
12185.625
12155.625
12111.25
12078.75
11969.375
12026.25
12010.0
11985.625
11963.75
11888.125
12246.25
12285.625
12465.0
12140.625
12128.125
12030.625
11995.0
12083.75
12106.875
12153.125
12106.25
12288.75
12125.625
12020.0
11922.5
12108.125
12086.875
12061.875
11954.375
12232.5
12270.625
12501.25
12282.5
12112.5
12013.125
12036.875
12061.875
11996.25
12131.875
12166.875
12311.25
12170.625
12060.0
11911.25
12193.75
12131.25
11997.5
11888.125
12244.375
12283.125
12483.125
12143.125
12063.75
12088.75
12053.75
12044.375
12065.625
12111.875
12303.125
12283.75
12143.75
12047.5
11927.5
12089.375
12136.875
11988.125
11939.375
12239.375
12274.375
12418.125
12250.625
12087.5
12025.0
12020.0
12085.625
12187.5
12135.625
12193.75
12381.875
12153.125
12113.75
11901.25
12121.25
12029.375
11961.875
11886.25
12232.5
12275.0
12420.0
12110.625
12191.875
12158.75
12111.25
12127.5
12140.0
12129.375
12228.125
12267.5
12202.5
12141.25
11868.75
12043.75
12089.375
12017.5
11728.125
12211.875
12154.375
12168.75
12145.0
12165.0
12096.25
12211.25
12190.0
12124.375
12240.625
12322.5
12192.5
12069.375
12034.375
12060.625
12106.25
12039.375
12031.25
11763.75
12163.75
12110.0
12128.75
12203.75
12105.625
12043.75
12146.25
12214.375
12195.625
12196.875
12181.875
12080.0
12063.125
11998.75
12008.75
12032.5
12007.5
12007.5
11898.75
12247.5
12264.375
12440.625
12218.125
12037.5
12015.0
12127.5
12085.625
12109.375
12172.5
12150.625
12295.625
12116.25
12140.0
11920.625
12090.625
12015.0
11951.25
11939.375
12233.125
12248.75
12464.375
12133.75
12098.75
12022.5
12056.875
12080.0
12057.5
12126.875
12239.375
12309.375
12120.625
12016.875
11954.375
12130.0
12072.5
11988.125
11898.125
12236.25
12277.5
12459.375
12121.875
12075.0
12081.25
12085.625
12086.875
12183.75
12108.75
12178.75
12245.0
12127.5
12086.875
11966.25
12113.75
12030.625
11896.875
11861.25
12244.375
12269.375
12490.0
12203.125
12094.375
12023.125
11994.375
12073.75
12114.375
12071.25
12172.5
12460.625
12072.5
11970.625
11960.625
12141.25
12076.25
12042.5
11873.75
12236.875
12261.875
12440.0
12019.375
12110.0
12156.25
12115.625
12146.875
12196.25
12208.125
12230.625
12308.125
12155.0
12018.125
11863.75
12067.5
12108.75
11919.375
11762.5
12209.375
12163.75
12190.0
12115.0
12130.0
12143.125
12154.375
12267.5
12229.375
12196.25
12278.75
12197.5
12120.625
12066.875
12023.75
12078.125
12017.5
11965.0
11705.0
12154.375
12156.25
12138.75
12147.5
11795.0
11653.75
11785.0
12090.625
12344.375
12295.0
12797.5
12574.375
12096.25
12006.25
11988.125
11992.5
11913.75
11951.25
11867.5
12186.875
12148.125
12078.75
12042.5
12078.75
12088.125
12066.875
12079.375
12080.625
12133.75
12205.0
12403.75
12084.375
12052.5
12155.625
12208.75
12099.375
12030.0
11922.5
12252.5
12289.375
12454.375
12195.625
12125.625
12005.0
12052.5
12086.875
12032.5
12149.375
12133.125
12292.5
12245.625
12040.625
11811.25
12218.125
12068.75
11998.125
11925.0
12250.0
12273.75
12484.375
12183.125
12118.125
12040.625
12079.375
12153.75
12031.875
12120.625
12271.875
12331.25
12242.5
12050.625
11793.125
12120.0
12088.125
11971.875
11886.25
12239.375
12268.75
12413.75
12109.375
12112.5
12028.125
12039.375
12112.5
12159.375
12063.75
12210.625
12475.0
12208.125
12051.875
11917.5
12143.125
12115.625
12081.25
11819.375
12185.625
12122.5
12156.25
12170.625
12174.375
12200.0
12188.125
12291.25
12208.125
12187.5
12164.375
12079.375
12023.75
12025.625
12082.5
12142.5
12055.0
12014.375
11823.125
12189.375
12120.625
12151.875
12149.375
12178.125
12158.125
12188.125
12173.75
12246.25
12157.5
12225.0
12155.625
12034.375
12071.25
12044.375
12098.125
12045.625
11933.75
11763.75
12156.875
12112.5
12137.5
12136.875
12130.625
12090.625
12119.375
12225.625
12268.75
12206.875
12168.75
12123.75
12046.25
11984.375
12008.75
12071.875
11996.25
11936.25
11827.5
12246.25
12256.25
12569.375
12112.5
12108.125
11980.625
12043.125
12066.25
12011.875
12094.375
12110.0
12353.75
12178.125
12040.625
11886.875
12156.25
12057.5
12015.0
11926.875
12248.75
12271.875
12436.875
12129.375
12068.125
11947.5
12010.625
12061.25
12018.75
12160.625
12236.875
12361.875
12325.0
12139.375
11828.125
12110.0
12138.125
12095.625
11843.125
12256.25
12239.375
12475.625
12127.5
12158.125
11950.625
11981.875
12123.125
12022.5
12046.25
12198.125
12353.75
12255.0
12103.125
11949.375
12225.0
12101.25
12060.0
11906.875
12230.0
12258.75
12423.125
12220.625
12068.75
11994.375
12004.375
12049.375
12002.5
12065.0
12135.0
12393.125
11969.375
11893.125
11756.875
12008.75
12059.375
12674.375
12171.875
12248.125
12236.25
12403.125
12068.75
12151.25
12078.75
12075.0
12151.25
12103.75
12092.5
12088.75
12170.625
11989.375
11795.0
11770.625
12097.5
12440.625
12331.25
12068.125
12241.875
12166.875
12188.125
12148.75
12081.875
12106.25
12111.875
12279.375
12156.875
12234.375
12235.625
12289.375
12088.125
12075.0
11983.125
12079.375
12047.5
11936.25
11671.875
12160.0
12105.625
12137.5
12160.625
12040.0
12121.875
12114.375
12254.375
12291.875
12201.875
12239.375
12148.125
12141.875
12011.25
12003.75
12036.875
11972.5
11958.125
11838.75
12253.125
12261.25
12408.75
12203.75
12051.875
11994.375
12036.875
12155.625
12115.0
12178.75
12093.75
12306.25
12145.625
12046.875
11931.875
12123.125
12115.0
12021.25
11943.125
12228.75
12228.125
12471.875
12186.875
12078.125
11947.5
12071.875
12071.875
11976.25
12083.125
12182.5
12465.0
12253.125
12093.75
11884.375
12261.25
12088.75
12056.25
11868.125
12237.5
12249.375
12451.875
12172.5
12066.875
12089.375
12003.125
12093.75
11990.625
12029.375
12270.625
12520.625
12136.25
12048.125
11910.625
12173.125
12116.875
11973.125
11881.875
12238.75
12257.5
12426.875
12169.375
12061.25
12000.0
12035.0
12086.25
12103.125
12015.625
12253.125
12416.25
12206.875
12037.5
12018.75
12153.75
12108.125
12055.0
11845.0
12233.75
12254.375
12376.25
12087.5
12156.25
12005.625
12099.375
12121.25
12168.75
12176.25
12180.625
12353.125
12268.125
12101.875
11936.875
12182.5
12105.625
11940.0
11792.5
12220.0
12135.0
12170.625
12063.125
11953.75
12143.75
12132.5
12232.5
12256.25
12211.875
12363.75
12318.125
12142.5
12131.25
12061.875
12059.375
11963.75
11921.875
11640.625
12151.25
12112.5
12128.125
12123.75
12051.875
11992.5
11793.125
12023.125
12088.125
12140.625
12296.25
12423.125
12162.5
12168.75
12077.5
12036.875
12009.375
11963.125
11831.25
12243.125
12258.75
12424.375
12183.125
12130.625
11983.125
12030.625
12161.875
12030.625
12117.5
12125.0
12431.25
12135.625
12022.5
11998.75
12092.5
12127.5
11984.375
11922.5
12229.375
12244.375
12456.25
12166.875
12131.25
11919.375
12021.875
12074.375
11960.0
12124.375
12240.625
12494.375
12243.125
12048.125
11813.125
12216.875
12149.375
12033.75
11922.5
12247.5
12245.625
12438.125
12210.625
12025.625
12069.375
11982.5
12054.375
12083.75
12073.75
12288.125
12386.875
12253.125
11982.5
11978.75
12197.5
12113.125
11960.0
11833.125
12238.75
12253.125
12461.25
12181.25
12091.875
12025.625
12002.5
12146.25
12114.375
12055.625
12281.875
12374.375
12176.25
12040.625
11967.5
12158.125
12057.5
12048.75
11794.375
12237.5
12221.25
12373.125
12077.5
12140.0
12053.75
12096.875
12117.5
12139.375
12190.625
12175.0
12465.625
12253.75
12123.75
11895.0
12132.5
12148.75
11996.875
11785.625
12204.375
12150.625
12138.75
12091.25
11853.125
11761.25
11918.125
12418.75
12420.625
12445.625
12253.125
12198.75
12098.75
12018.75
12026.875
12144.375
12175.0
12103.75
11808.125
12148.75
12117.5
12118.75
12158.125
12123.125
12150.625
12198.125
12282.5
12236.25
12175.625
12141.875
12120.625
12115.0
12052.5
12044.375
12053.125
12007.5
11966.875
11843.75
12181.875
12104.375
12142.5
12142.5
12169.375
12173.125
12118.125
12173.125
12206.25
12105.625
12163.125
12124.375
12158.75
11991.875
12050.0
12071.25
12038.75
11934.375
11838.125
12248.75
12235.625
12508.125
12171.25
12092.5
11923.125
12046.25
12075.625
12003.125
12112.5
12181.875
12294.375
12236.875
12031.875
11897.5
12219.375
12085.625
12061.25
11911.25
12230.0
12272.5
12594.375
12153.125
12130.0
12017.5
11997.5
12246.25
12033.125
12069.375
12244.375
12252.5
12158.75
12027.5
11871.875
12162.5
12098.75
11995.0
11836.25
12244.375
12268.125
12546.25
12206.875
12106.875
12003.125
12023.75
12098.75
12136.25
12154.375
12188.125
12368.75
12169.375
12057.5
11890.0
12082.5
12101.25
12081.875
11853.75
12228.125
12250.625
12467.5
12125.0
12100.625
12127.5
12097.5
12072.5
12104.375
12151.875
12248.125
12325.625
12396.875
12085.0
11848.75
12108.75
12113.75
11982.5
11780.625
12210.0
12126.25
12156.25
12094.375
12074.375
12031.875
12128.75
12293.125
12337.5
12177.5
12140.625
12075.625
12063.75
12077.5
12047.5
12240.625
12095.0
12004.375
11692.5
12156.875
12121.25
12161.25
12170.625
12123.125
12065.0
12180.0
12250.625
12292.5
12221.875
12175.625
12124.375
12066.25
12001.875
12012.5
11993.75
11975.625
11963.125
11868.75
12245.0
12208.75
12391.25
12212.5
12093.125
12048.75
12016.25
12052.5
12106.875
12086.25
12105.0
12358.125
12096.25
12062.5
12043.125
12176.25
12126.875
12033.125
11908.125
12186.875
12123.125
12157.5
12143.75
12190.625
12150.0
12073.125
12183.125
12185.625
12188.125
12170.0
12146.25
12076.25
12076.875
12051.25
12121.875
12014.375
12005.625
11870.0
12243.125
12260.0
12415.625
12114.375
12145.625
11993.75
11992.5
12068.75
12033.125
12143.75
12247.5
12366.25
12185.0
12055.0
11900.0
12139.375
12094.375
11981.25
11947.5
12242.5
12273.125
12458.125
12173.125
12126.875
11980.625
12053.75
12165.625
12107.5
12100.0
12211.875
12428.75
12135.625
12037.5
11964.375
12127.5
12073.125
11944.375
11878.125
12247.5
12233.75
12439.375
12129.375
12063.75
12186.25
12089.375
12078.125
12152.5
12193.125
12185.625
12382.5
12288.75
11956.875
11872.5
12181.875
12116.25
11991.875
11783.125
12228.75
12153.125
12173.125
12120.625
12159.375
12148.125
12110.625
12040.0
12180.0
12190.0
12235.625
12385.0
12031.25
12180.0
12073.125
12196.875
12119.375
11949.375
11768.125
12144.375
12131.25
12147.5
12146.25
12085.0
12065.625
12131.875
12191.25
12248.75
12211.875
12223.75
12156.875
12151.25
12043.125
12053.75
12086.875
11995.0
12015.625
11882.5
12252.5
12266.875
12535.625
12243.125
12123.125
12015.0
12104.375
12023.125
12144.375
12102.5
12206.25
12297.5
12045.625
11860.625
11971.875
12119.375
12116.875
11963.125
11938.125
12250.625
12238.75
12510.0
12188.125
12076.25
11968.125
12015.625
12086.25
12042.5
12181.25
12260.625
12311.875
12225.0
11963.125
11941.875
12118.75
12115.625
11954.375
11905.0
12255.625
12257.5
12427.5
12244.375
12080.0
12068.125
12137.5
12101.875
12107.5
12180.0
12222.5
12320.625
12173.125
11971.25
11875.0
12125.0
12073.75
11983.125
11905.625
12256.875
12235.0
12496.25
12315.625
12093.125
12132.5
12087.5
12151.875
12150.0
12151.875
12102.5
12268.125
12251.875
11922.5
11881.25
12010.0
12031.25
11905.0
11808.75
12243.125
12221.875
12446.875
12170.0
12193.75
12156.25
12104.375
12163.75
12155.625
12219.375
12196.25
12212.5
12258.125
11943.125
11865.0
12040.625
12156.25
11946.875
11800.625
12216.25
12107.5
12150.0
12168.125
12168.75
12135.0
12110.625
12286.875
12261.25
12283.125
12192.5
12171.25
12094.375
12048.125
12024.375
12106.25
12010.625
11941.25
11679.375
12160.625
12134.375
12155.0
12161.25
12089.375
12178.75
12126.875
12181.875
12248.125
12213.75
12090.0
12163.125
12081.875
12075.625
12014.375
12007.5
12000.0
11956.25
11868.125
12246.875
12258.75
12420.625
12308.75
12200.0
12119.375
12076.25
12119.375
12165.0
12143.125
12064.375
12286.875
12204.375
11891.25
11823.75
12050.0
12030.0
11928.125
11935.625
12250.0
12247.5
12458.125
12315.0
12121.25
12125.0
12118.75
12106.25
12111.875
12073.125
12129.375
12383.125
12151.25
11933.125
11821.875
12056.875
12030.625
11943.125
11843.125
12230.0
12275.0
12457.5
12346.875
12245.0
12194.375
12143.125
12155.0
12155.0
12146.875
12125.625
12205.0
12100.625
11926.875
11730.0
11996.875
12003.125
11982.5
11900.625
12242.5
12245.625
12495.0
12326.875
12115.625
12116.25
12107.5
12148.125
12256.25
12175.625
12249.375
12371.875
12149.375
11933.125
11752.5
12010.0
12016.875
11883.125
11796.25
12253.125
12218.75
12399.375
12371.875
12136.875
12177.5
12089.375
12133.75
12183.125
12290.0
12175.0
12385.625
12073.125
11943.75
11795.0
12043.125
12081.25
12011.25
11796.25
12206.25
12140.625
12168.75
12186.875
12135.625
12196.875
12151.25
12158.125
12172.5
12246.875
12236.875
12293.75
12083.125
12085.0
12025.625
12057.5
12036.25
11945.0
11681.25
12165.625
12126.25
12146.25
12152.5
12155.625
12097.5
12198.75
12211.875
12204.375
12180.625
12151.25
12135.0
12091.875
12003.125
12058.75
11991.25
12016.875
11958.75
11853.125
12231.25
12250.625
12485.0
12353.125
12148.125
12056.875
12127.5
12148.125
12169.375
12172.5
12143.125
12335.0
12165.625
11889.375
11740.0
11956.875
11940.625
11925.625
11881.875
12237.5
12260.0
12471.875
12353.75
12080.0
12135.0
12116.875
12134.375
12180.625
12155.0
12151.875
12457.5
12174.375
11860.625
11778.75
11963.75
12026.25
11941.875
11883.125
12226.875
12278.125
12473.125
12347.5
12104.375
12100.0
12170.0
12126.25
12133.75
12188.125
12276.25
12273.125
12136.25
11933.125
11730.0
12000.625
11960.625
11884.375
11852.5
12217.5
12252.5
12492.5
12364.375
12109.375
12105.625
12188.125
12058.125
12176.25
12150.625
12174.375
12420.0
12107.5
11888.125
11763.75
12013.125
11966.25
11952.5
11827.5
12234.375
12256.875
12448.125
12371.875
12096.875
12206.875
12145.625
12156.875
12207.5
12158.125
12203.125
12310.0
12174.375
12009.375
11797.5
12055.0
12013.75
11903.75
11758.75
12210.0
12105.625
12209.375
12126.25
12194.375
12192.5
12189.375
12191.25
12220.0
12265.0
12212.5
12138.125
12220.0
12123.75
12100.625
12018.75
12051.25
12078.125
11923.75
12158.75
12105.625
12158.125
12135.0
12136.875
12181.25
12129.375
12103.75
12168.125
12315.0
12239.375
12188.125
12153.75
12106.875
12078.75
11997.5
12026.25
12021.25
11901.25
12258.125
12105.625
12257.5
12266.875
12500.625
12325.0
12085.625
12193.125
12186.875
12191.875
12158.125
12210.0
12150.0
12205.0
12113.75
11944.375
11785.0
11960.0
11731.875
12245.0
12106.25
12243.75
12253.125
12493.125
12382.5
12137.5
12099.375
12155.0
12127.5
12210.0
12135.0
12205.0
12217.5
12156.875
11900.0
11773.75
11933.125
11759.375
12225.625
12105.0
12225.625
12270.0
12495.625
12277.5
12137.5
12138.75
12160.0
12176.875
12174.375
12158.125
12086.875
12305.625
12332.5
11958.75
11797.5
11949.375
11822.5
12240.0
12105.0
12240.0
12262.5
12449.375
12380.625
12128.125
12161.875
12191.875
12140.0
12163.75
12268.125
12171.25
12366.25
12073.75
11844.375
11799.375
11952.5
11843.125
12235.625
12106.25
12234.375
12257.5
12419.375
12289.375
12156.875
12208.75
12232.5
12197.5
12145.625
12211.25
12187.5
12293.75
12186.875
12018.75
11775.0
11985.0
11845.625
12202.5
12105.625
12201.875
12137.5
12190.0
12231.875
12225.625
12200.625
12170.0
12251.25
12183.75
12160.625
12223.125
12173.75
12024.375
12007.5
11971.875
12084.375
11940.625
12153.125
12105.625
12152.5
12138.125
12144.375
12153.125
12077.5
12034.375
12190.0
12258.125
12250.625
12209.375
12160.625
12117.5
12145.0
12001.25
12053.75
11980.625
11861.25
12243.75
12106.875
12241.875
12275.0
12508.75
12310.0
12080.0
12119.375
12131.875
12162.5
12196.875
12136.25
12133.125
12354.375
12166.875
11886.875
11780.0
11991.25
11835.0
12221.25
12105.625
12220.625
12282.5
12471.25
12214.375
12086.875
12096.25
12136.25
12198.75
12186.25
12130.625
12186.25
12401.25
12138.125
11971.875
11604.375
11961.875
11778.75
12234.375
12105.625
12233.75
12281.875
12471.875
12286.875
12155.625
12101.875
12206.875
12152.5
12141.875
12126.25
12240.0
12289.375
12196.25
11974.375
11743.125
11998.75
11821.875
12241.25
12105.625
12240.625
12266.875
12454.375
12374.375
12153.125
12106.875
12155.0
12211.25
12215.0
12152.5
12090.625
12252.5
11995.625
11901.25
11750.0
11953.125
11793.75
12228.125
12105.0
12228.125
12226.875
12465.625
12331.25
12157.5
12139.375
12158.125
12181.25
12250.0
12124.375
12201.875
12288.75
12173.75
11963.125
11745.625
11980.625
11810.625
12193.75
12105.625
12193.125
12138.125
12166.875
12219.375
12134.375
12163.75
12281.25
12240.0
12246.25
12174.375
12174.375
12175.625
12107.5
11973.75
11997.5
12079.375
11890.0
12149.375
12105.625
12148.75
12133.75
12168.75
12148.75
12146.25
12130.0
12179.375
12253.75
12230.0
12198.75
12138.125
12117.5
12138.75
12013.125
12035.625
12032.5
11861.875
12225.0
12105.0
12225.0
12251.25
12440.625
12357.5
12196.25
12149.375
12171.25
12155.625
12164.375
12174.375
12123.75
12305.0
12171.25
11874.375
11731.875
11923.75
11783.75
12227.5
12105.625
12226.875
12300.0
12481.25
12422.5
12046.25
12188.75
12083.125
12147.5
12273.75
12174.375
12070.0
12327.5
12105.0
11968.75
11772.5
12005.625
11810.625
12239.375
12105.625
12238.75
12263.125
12466.25
12348.125
12066.875
12143.125
12109.375
12228.75
12270.625
12178.125
12193.125
12266.25
12209.375
11910.0
11815.0
11935.625
11835.625
12243.75
12105.625
12243.125
12276.25
12479.375
12321.875
12153.75
12220.0
12200.0
12210.625
12195.625
12168.125
12142.5
12265.0
12098.125
11934.375
11799.375
11985.0
11806.875
12232.5
12105.625
12231.875
12263.75
12532.5
12344.375
12210.625
12185.0
12171.875
12226.875
12181.25
12182.5
12118.75
12198.125
12150.625
11945.625
11758.125
12052.5
11766.25
12209.375
12105.0
12209.375
12134.375
12185.0
12198.75
12167.5
12290.0
12245.625
12232.5
12253.125
12171.25
12181.25
12120.0
12070.625
11966.25
11955.625
12073.125
11873.125
12150.0
12106.25
12148.75
12126.25
12155.0
12133.75
12114.375
12133.125
12207.5
12223.75
12247.5
12153.125
12169.375
12155.0
12061.875
12051.875
12058.125
11998.75
11890.0
12241.875
12105.625
12241.25
12259.375
12576.875
12324.375
12143.75
12154.375
12149.375
12167.5
12144.375
12175.625
12127.5
12208.75
12149.375
11876.875
11761.875
11971.25
11856.875
12217.5
12105.0
12217.5
12254.375
12553.125
12388.75
12138.75
12159.375
12117.5
12220.625
12183.75
12158.125
12101.25
12256.875
12109.375
11966.25
11773.125
11926.25
11740.0
12245.625
12106.25
12244.375
12265.0
12566.25
12341.25
12181.25
12057.5
12106.875
12220.0
12198.125
12166.875
12123.125
12276.875
12151.25
11928.125
11699.375
11983.125
11830.625
12224.375
12105.625
12223.75
12238.125
12562.5
12395.625
12138.125
12141.25
12163.75
12204.375
12185.625
12181.875
12186.875
12211.25
12189.375
11895.0
11746.25
11976.875
11793.125
12230.0
12106.25
12228.75
12241.875
12510.0
12336.875
12163.75
12245.625
12176.25
12215.0
12136.875
12129.375
12118.125
12271.875
12207.5
11911.875
11784.375
12019.375
11767.5
12192.5
12106.25
12191.25
12138.125
12184.375
12210.0
12238.75
12266.25
12253.125
12256.875
12258.75
12188.125
12168.125
12205.0
11998.75
11990.625
12029.375
12033.75
11935.0
12153.125
12105.625
12152.5
12131.25
12151.875
12171.875
12226.25
12111.25
12186.875
12215.0
12261.875
12167.5
12165.0
12108.75
12074.375
11965.0
12025.0
12014.375
11845.625
12220.625
12105.625
12220.0
12255.0
12495.625
12406.875
12165.0
12146.875
12172.5
12146.25
12241.25
12096.25
12131.25
12215.625
12242.5
11884.375
11769.375
11945.625
11847.5
12221.875
12105.625
12221.25
12234.375
12544.375
12378.75
12181.875
12142.5
12109.375
12173.75
12179.375
12208.75
12135.0
12307.5
12066.25
11918.75
11781.25
11977.5
11783.75
12230.0
12106.25
12228.75
12241.875
12489.375
12395.0
12085.0
12135.0
12095.625
12204.375
12211.875
12157.5
12141.875
12213.75
12224.375
11857.5
11847.5
11973.75
11795.625
12223.125
12105.0
12223.125
12216.25
12527.5
12377.5
12153.75
12180.625
12138.75
12235.625
12102.5
12197.5
12103.125
12246.25
12188.125
11871.25
11805.0
11960.0
11866.875
12240.0
12105.625
12239.375
12217.5
12483.125
12369.375
12133.125
12171.25
12164.375
12173.75
12176.875
12151.25
12171.875
12279.375
12212.5
11957.5
11771.875
12015.0
11869.375
12198.75
12106.875
12196.875
12137.5
12174.375
12207.5
12203.125
12233.75
12221.875
12243.125
12183.75
12190.625
12165.625
12176.875
12026.25
11968.75
12072.5
12118.125
11949.375
12149.375
12105.625
12148.75
12150.0
12140.0
12143.75
12128.125
12127.5
12195.0
12283.125
12288.125
12188.75
12081.25
12115.0
12102.5
12056.25
12062.5
11961.875
11846.875
12226.875
12105.625
12226.25
12235.0
12545.0
12331.25
12100.0
12128.125
12140.0
12187.5
12192.5
12155.0
12139.375
12240.625
12061.25
11922.5
11760.0
11996.25
11821.875
12236.875
12106.25
12235.625
12236.875
12550.0
12331.25
12147.5
12146.875
12172.5
12149.375
12115.625
12201.25
12163.125
12168.75
12287.5
11886.875
11742.5
11982.5
11735.0
12234.375
12106.25
12233.125
12266.25
12528.125
12330.0
12055.0
12143.75
12161.875
12214.375
12156.25
12171.875
12139.375
12251.875
12165.625
11938.125
11790.625
11925.0
11603.75
12225.0
12107.5
12222.5
12250.0
12484.375
12325.0
12146.25
12149.375
12166.25
12157.5
12123.125
12172.5
12141.25
12211.25
12104.375
11839.375
11741.875
11978.75
11868.125
12225.625
12105.0
12225.625
12265.625
12510.625
12351.25
12106.25
12189.375
12127.5
12194.375
12151.875
12215.0
12126.25
12185.0
12213.125
11964.375
11811.875
12015.625
11833.75
12200.625
12106.25
12199.375
12140.625
12208.125
12221.875
12204.375
12280.0
12215.0
12218.75
12183.75
12235.625
12123.125
12181.25
12098.75
12054.375
12035.0
12056.875
11930.625
12150.0
12105.0
12150.0
12128.75
12165.0
12171.875
12091.25
12099.375
12215.0
12220.0
12313.75
12171.25
12181.875
12112.5
12135.0
12045.625
12056.25
12074.375
11841.875
12240.625
12105.625
12240.0
12227.5
12457.5
12321.25
12168.125
12163.125
12136.25
12227.5
12136.875
12151.875
12124.375
12186.25
12171.875
11926.25
11842.5
11998.125
11820.625
12185.625
12106.25
12184.375
12148.75
12158.125
12160.0
12213.75
12209.375
12150.625
12137.5
12241.25
12216.25
12173.75
12164.375
12006.25
12005.0
12056.25
12034.375
11838.75
12246.25
12105.0
12246.25
12238.75
12525.0
12291.25
12050.0
12108.75
12113.75
12206.875
12208.75
12193.75
12203.75
12294.375
12173.75
11884.375
11802.5
11985.0
11859.375
12240.625
12106.25
12239.375
12272.5
12503.75
12384.375
12154.375
12145.625
12118.75
12139.375
12183.125
12201.25
12170.0
12293.75
12180.0
11806.25
11764.375
11966.25
11780.0
12243.125
12106.25
12241.875
12255.0
12424.375
12330.625
12114.375
12113.75
12117.5
12188.75
12148.75
12230.0
12178.125
12453.75
12146.875
11951.25
11823.125
11985.625
11798.75
12216.875
12106.25
12215.625
12135.0
12199.375
12200.0
12273.125
12203.75
12150.625
12274.375
12173.75
12201.875
12179.375
12163.75
12121.25
12006.875
12015.625
12156.25
11870.0
12161.25
12106.25
12160.0
12121.875
12163.75
12127.5
12058.75
12065.0
12156.875
12272.5
12246.875
12231.875
12117.5
12163.125
12071.875
12069.375
12011.875
12045.0
12040.625
12245.0
12105.625
12244.375
12246.25
12426.875
12272.5
12178.75
12150.0
12171.25
12162.5
12136.875
12176.25
12115.625
12283.125
12131.25
11977.5
11781.875
11951.875
11840.0
12236.25
12105.625
12235.625
12246.25
12463.75
12286.25
12150.625
12176.25
12128.125
12191.25
12134.375
12148.125
12148.125
12267.5
12099.375
11980.0
11785.0
12005.625
11762.5
12223.75
12105.625
12223.125
12263.75
12437.5
12304.375
12170.625
12132.5
12140.625
12252.5
12127.5
12100.625
12183.75
12302.5
12163.125
11908.75
11748.125
11991.875
11874.375
12228.125
12106.25
12226.875
12252.5
12425.0
12312.5
12239.375
12138.75
12165.0
12199.375
12093.125
12244.375
12141.875
12233.125
12227.5
11893.75
11774.375
11994.375
11890.0
12239.375
12105.625
12238.75
12230.625
12434.375
12241.875
12235.0
12145.0
12103.75
12209.375
12190.625
12132.5
12153.75
12404.375
12160.0
12056.25
11815.625
12021.25
11841.875
12208.125
12105.625
12207.5
12151.25
12169.375
12186.875
12238.125
12254.375
12155.625
12240.625
12209.375
12184.375
12250.625
12205.0
12078.125
11996.25
11975.625
12132.5
11884.375
12158.75
12106.25
12157.5
12140.0
12149.375
12185.625
12130.625
12124.375
12195.625
12231.25
12200.0
12161.875
12191.875
12187.5
12003.75
12028.125
11983.125
11998.75
11880.0
12250.625
12105.625
12250.0
12253.75
12424.375
12247.5
12083.75
12056.875
12058.75
12128.75
12073.125
12162.5
12116.25
12376.875
12183.125
12008.75
11848.75
12062.5
11955.0
12224.375
12105.0
12224.375
12250.625
12463.75
12110.625
12088.125
12066.875
12012.5
12057.5
12046.875
12203.125
12184.375
12436.25
12257.5
12074.375
11906.25
12105.625
11946.875
12235.625
12106.25
12234.375
12268.125
12433.125
12153.75
11873.75
11908.125
11971.875
12193.125
12311.875
12281.25
12321.875
12412.5
12151.875
12025.625
11861.875
12143.125
11937.5
12246.25
12105.625
12245.625
12223.75
12456.875
12203.75
12098.125
12024.375
12061.25
12053.75
12111.875
12075.0
12150.0
12413.125
12273.75
12038.75
11961.25
12110.625
11968.75
12249.375
12105.625
12248.75
12237.5
12442.5
12155.0
12131.875
12080.0
12126.875
12068.75
12141.25
12226.25
12294.375
12283.125
12362.5
11921.25
11893.125
12090.0
12022.5
12206.25
12106.875
12204.375
12121.25
12175.625
12099.375
12131.875
12134.375
12113.125
12228.125
12245.0
12186.875
12224.375
12269.375
12177.5
11965.0
11978.75
12073.125
12004.375
12162.5
12105.0
12162.5
12125.625
12148.125
12160.625
12138.75
12097.5
12173.125
12159.375
12266.875
12201.25
12169.375
12143.75
12083.75
11990.0
12010.0
12064.375
11883.125
12257.5
12106.25
12256.25
12258.125
12460.625
12239.375
12144.375
11948.75
12062.5
12122.5
12037.5
12055.625
12141.25
12351.875
12213.75
12025.0
11881.25
12072.5
12023.75
12228.75
12105.625
12228.125
12233.125
12476.875
12081.875
12095.625
12081.25
11991.875
12046.875
12115.625
12093.75
12116.25
12331.25
12285.0
12049.375
11962.5
12188.75
11969.375
12256.25
12105.625
12255.625
12260.0
12458.75
12211.25
11973.75
12034.375
12011.875
12099.375
12068.125
12159.375
12184.375
12420.0
12236.875
11998.75
11963.125
12143.125
11976.875
12238.125
12105.625
12237.5
12241.25
12529.375
12176.875
12092.5
12083.125
12021.875
12105.0
12056.25
12065.625
12166.875
12387.5
12220.625
12121.25
11943.125
12078.125
12003.125
12250.625
12106.25
12249.375
12208.125
12474.375
12137.5
12061.25
12015.625
12071.875
12109.375
12109.375
12175.625
12201.25
12408.75
12294.375
12026.25
11931.875
12080.0
12122.5
12216.25
12105.0
12216.25
12102.5
12151.25
12116.25
12045.0
12130.0
12011.25
12016.875
12001.25
12220.625
12217.5
12221.25
12239.375
12203.125
12252.5
12146.875
11980.0
12165.0
12105.625
12164.375
12113.75
12162.5
12148.125
12032.5
12080.0
12171.875
12240.0
12294.375
12207.5
12127.5
12236.25
12121.875
12008.75
12021.875
12015.625
11871.25
12244.375
12106.25
12243.125
12259.375
12461.25
12199.375
12133.75
11999.375
12031.875
12106.25
12061.25
12084.375
12140.625
12437.5
12198.125
12030.625
11858.125
12046.25
12075.0
12248.125
12105.625
12247.5
12235.0
12456.25
12126.25
12083.75
12018.75
12049.375
12014.375
12103.125
12088.75
12174.375
12395.0
12256.25
12155.625
11858.125
12199.375
12012.5
12239.375
12105.625
12238.75
12260.0
12454.375
12181.875
12052.5
11958.75
12013.75
12056.25
12078.125
12153.125
12288.75
12353.75
12200.0
12018.125
11889.375
12090.625
12021.25
12236.875
12105.625
12236.25
12248.75
12508.75
12150.0
12096.25
12033.125
12031.25
12150.625
12086.875
12013.75
12128.125
12433.125
12186.25
12073.125
11996.875
12036.875
11986.25
12231.875
12106.25
12230.625
12238.125
12425.0
12162.5
12035.625
11975.625
12131.25
12161.875
12114.375
12184.375
12162.5
12360.0
12267.5
12102.5
11838.75
12133.125
11937.5
12211.875
12106.25
12210.625
12108.125
12216.25
12110.0
12023.75
12122.5
12099.375
12228.75
12230.0
12226.875
12234.375
12256.25
12133.125
12067.5
12035.625
12085.625
11838.125
12162.5
12106.25
12161.25
12128.75
12156.25
12161.875
12101.875
12065.0
12128.75
12185.625
12251.25
12197.5
12194.375
12153.75
12106.25
12024.375
12028.125
12069.375
11841.25
12236.875
12105.625
12236.25
12250.625
12456.875
12176.875
12172.5
11955.625
11983.75
12081.875
12063.75
12058.125
12163.75
12398.125
12271.875
12040.0
11883.75
12105.0
12013.75
12236.875
12105.625
12236.25
12256.25
12478.75
12141.875
12097.5
11991.875
11919.375
12055.0
12095.0
12151.25
12212.5
12279.375
12323.75
12003.125
11950.625
12220.0
12014.375
12238.125
12105.625
12237.5
12286.875
12476.25
12191.875
12045.0
11941.25
12066.875
12132.5
12084.375
12069.375
12309.375
12366.875
12128.125
12058.75
11978.125
12100.0
12001.25
12252.5
12107.5
12250.0
12225.625
12436.25
12238.125
12146.875
12004.375
11970.625
12132.5
12036.25
12072.5
12208.75
12335.625
12286.875
12014.375
12005.625
12052.5
12027.5
12249.375
12107.5
12246.875
12226.875
12409.375
12165.0
12091.875
11985.0
12065.625
12150.625
12084.375
12166.875
12206.25
12342.5
12352.5
11955.0
11865.625
12147.5
12121.875
12219.375
12105.625
12218.75
12122.5
12176.25
12131.25
12061.875
12066.25
12042.5
12095.0
12240.625
12221.25
12193.125
12323.75
12158.125
12059.375
12091.25
12124.375
12165.625
12163.75
12106.25
12162.5
12124.375
12156.25
12146.25
12106.875
12048.75
12123.75
12146.875
12228.125
12165.0
12133.125
12231.25
12103.125
12067.5
12016.875
12066.875
11876.875
12251.25
12108.125
12248.125
12239.375
12527.5
12137.5
12123.125
12041.875
11996.25
12136.25
12060.625
12113.75
12104.375
12421.25
12144.375
12125.625
11958.75
12079.375
11964.375
12220.0
12105.625
12219.375
12243.125
12459.375
12078.125
12126.25
12027.5
12075.0
12119.375
12117.5
12181.875
12125.625
12290.0
12161.875
12017.5
11905.0
12185.0
11950.625
12235.625
12105.625
12235.0
12261.875
12421.875
12199.375
12035.625
12041.875
12085.625
12248.125
12118.125
12193.125
12253.125
12296.25
12075.0
12151.875
12146.875
12172.5
12061.875
12165.625
12106.25
12164.375
12141.25
12136.875
12206.25
12208.125
12180.0
12134.375
12190.625
12168.75
12218.125
12180.625
12196.25
12177.5
12112.5
12112.5
12109.375
11990.0
12148.75
12106.25
12147.5
12145.625
12150.625
12133.125
12135.625
12080.0
12158.75
12210.0
12198.75
12173.75
12167.5
12150.0
12081.25
12069.375
12099.375
12041.875
11980.0
12160.625
12105.625
12160.0
12148.125
12158.125
12176.25
12188.75
12128.75
12110.0
12168.125
12205.0
12165.625
12153.125
12101.875
12133.125
12076.25
12061.25
12052.5
11911.875
12148.75
12110.625
12151.875
12133.75
12111.875
12066.875
12059.375
12160.625
12225.625
12203.75
12218.75
12137.5
12100.0
12088.125
12023.125
12053.125
12016.875
11973.125
11868.75
12170.625
12158.125
12160.625
12153.75
12129.375
12155.625
12081.875
12073.75
12177.5
12236.25
12113.75
12136.875
12173.125
12036.875
12035.0
12029.375
12031.875
11951.875
11794.375
12176.875
12128.75
12127.5
12180.625
12099.375
12103.75
12048.125
12219.375
12178.75
12148.125
12193.125
12108.75
12123.125
12081.875
12051.25
11980.0
12005.0
11981.25
11863.75
12243.125
12251.875
12480.625
12154.375
11993.125
12049.375
12005.0
12071.25
12028.75
12152.5
12299.375
12306.875
12120.625
12073.125
11843.125
12061.25
12048.125
11971.875
12003.125
12246.875
12264.375
12496.25
12299.375
12191.875
12123.125
12153.75
12205.0
12171.25
12158.125
12092.5
12226.25
12118.75
12007.5
11792.5
11958.125
11996.25
11968.125
11873.125
12240.625
12248.125
12443.75
12201.25
12097.5
12045.625
12148.125
12092.5
12130.625
12150.625
12153.75
12314.375
12326.875
12002.5
11878.75
12096.25
12070.0
12018.125
11838.75
12211.875
12122.5
12186.25
12156.875
12102.5
12107.5
12178.75
12216.25
12276.875
12238.125
12274.375
12188.125
12173.75
12206.875
12058.75
12066.875
11952.5
11877.5
11581.25
12156.25
12146.875
12181.875
12143.125
12145.625
11985.625
12108.75
12178.125
12261.875
12228.75
12153.125
12191.875
12132.5
12108.75
12101.875
12013.75
12030.0
11997.5
11829.375
12186.875
12105.625
12153.75
12160.625
12139.375
12149.375
12149.375
12122.5
12155.0
12109.375
12200.0
12213.75
12110.625
12082.5
12011.875
12051.875
12028.125
11953.125
11894.375
12238.125
12277.5
12508.75
12070.625
12142.5
12049.375
12075.625
12068.75
12065.0
12168.75
12139.375
12201.875
12297.5
12073.75
11919.375
12166.875
12020.625
12012.5
11927.5
12241.25
12257.5
12492.5
12202.5
12030.0
12003.75
12107.5
12052.5
12091.25
12155.625
12230.625
12302.5
12240.0
12065.0
11898.125
12090.0
12094.375
11976.875
11904.375
12250.0
12240.0
12483.125
12269.375
12099.375
12008.75
12047.5
12165.0
12046.875
12141.25
12147.5
12276.875
12191.25
12069.375
11809.375
12051.875
12150.0
11996.875
11908.125
12250.625
12233.75
12445.0
12279.375
12115.625
12045.0
12061.875
12082.5
12095.625
12205.625
12134.375
12327.5
12362.5
12097.5
11838.125
12102.5
12098.125
12017.5
11762.5
12211.875
12135.625
12176.875
12050.0
12017.5
12078.125
12028.125
12219.375
12250.0
12232.5
12271.25
12263.125
12228.75
12115.0
11982.5
12101.875
12017.5
11977.5
11735.625
12159.375
12145.0
12153.75
12158.125
11963.125
11781.875
11957.5
12202.5
12358.75
12328.75
12203.75
12135.0
12465.625
12211.875
12038.125
12048.75
11974.375
11999.375
11903.125
12246.25
12237.5
12451.25
12235.0
12110.625
11980.0
12005.625
12131.25
12106.25
12199.375
12157.5
12368.75
12228.75
11948.75
11837.5
12101.25
12030.625
11998.75
11906.25
12217.5
12241.875
12483.125
12173.75
12086.25
12033.125
12055.625
12110.625
12071.875
12141.25
12173.125
12360.625
12240.625
12141.25
11964.375
12086.875
12078.125
11889.375
11932.5
12243.125
12244.375
12466.875
12253.125
12021.25
11980.625
12076.25
12072.5
12061.875
12216.25
12296.25
12321.875
12216.25
12133.125
11923.75
12067.5
11965.0
11976.25
11903.125
12227.5
12247.5
12465.0
12273.75
12123.125
12070.625
12075.625
12108.75
12111.25
12102.5
12210.625
12315.0
12210.625
12029.375
11917.5
12086.25
12087.5
11970.625
11878.125
12233.125
12237.5
12440.0
12250.625
12085.625
12015.625
12008.75
12151.875
12158.75
12265.625
12214.375
12220.0
12204.375
11933.125
11928.125
12081.875
12086.25
12013.125
11814.375
12218.75
12143.125
12161.875
12135.0
11955.0
12024.375
11991.875
12253.75
12211.25
12108.125
12270.0
12257.5
12291.25
12158.75
12048.125
12133.75
11995.0
12052.5
11696.25
12164.375
12134.375
12183.125
12165.625
12129.375
11960.0
12072.5
12168.75
12198.125
12165.625
12238.75
12105.625
12160.625
12045.625
12006.875
12010.0
12014.375
11940.0
11883.75
12244.375
12225.0
12469.375
12218.75
12178.75
11940.625
12037.5
12064.375
12045.0
12181.875
12105.0
12393.125
12195.0
12090.625
11865.0
11995.625
12096.25
12000.0
11961.875
12227.5
12253.125
12495.625
12106.875
12103.75
12021.875
11995.625
12019.375
12113.75
12149.375
12167.5
12303.75
12195.0
12065.0
11910.0
12204.375
12085.0
12015.0
11915.0
12244.375
12236.875
12476.875
12201.875
12064.375
11930.625
12006.25
12148.125
12103.125
12098.75
12306.25
12343.125
12303.75
12086.875
11852.5
12133.125
12095.0
11962.5
11907.5
12223.75
12235.0
12491.25
12233.125
12198.125
11989.375
11962.5
12101.25
12119.375
12096.875
12161.25
12443.75
12166.875
12136.875
11801.25
12143.125
12065.625
12020.0
11845.0
12238.75
12196.25
12468.125
12185.625
12118.75
11890.0
12058.75
12014.375
12121.25
12193.125
12367.5
12365.625
12268.75
12095.625
11885.625
12089.375
12100.625
12050.625
11755.0
12233.125
12145.625
12206.875
12073.125
11988.75
12023.125
11911.875
12084.375
12225.625
12225.0
12365.625
12320.0
12253.75
12115.0
12046.875
12128.75
12003.75
12008.75
11724.375
12157.5
12129.375
12143.75
12107.5
12136.875
12001.875
12080.0
12192.5
12225.0
12157.5
12240.625
12174.375
12138.125
12068.75
12005.625
12048.75
11998.75
11971.25
11851.25
12259.375
12207.5
12468.75
12206.875
12120.625
11939.375
11975.625
12069.375
12100.625
12110.0
12220.625
12384.375
12253.125
12060.0
11848.75
12056.25
12051.25
12021.875
11925.625
12229.375
12231.875
12469.375
12130.625
12138.75
11978.125
11935.0
12020.625
12037.5
12173.125
12127.5
12413.125
12380.0
12058.75
11865.625
12215.625
12036.875
12003.75
11905.0
